AbsTime RelTime SeqNumber	AbsBytes AbsPackets AbsFrames	RelBytes RelPackets RelFrames	Delay PrevPacketDelayDiff Jitter
000001 1756390114072008 0.003597 0	512 1 0	512 1 0	1.656 1.656 0.103
000002 1756390115071560 1.003149 1	1024 2 0	512 1 0	0.519 -1.137 0.168
000003 1756390116072168 2.003757 2	1536 3 0	512 1 0	0.215 -0.304 0.177
000004 1756390117073286 3.004875 3	2048 4 0	512 1 0	0.293 0.078 0.170
000005 1756390118074380 4.005969 4	2560 5 0	512 1 0	0.490 0.197 0.172
000006 1756390119076534 5.008123 5	3072 6 1	512 1 1	0.637 0.147 0.171
000007 1756390120077075 6.008664 6	3584 7 2	512 1 1	0.185 -0.452 0.188
000008 1756390121078158 7.009747 7	4096 8 3	512 1 1	0.307 0.122 0.184
000009 1756390122079286 8.010875 8	4608 9 4	512 1 1	0.337 0.030 0.174
000010 1756390123080203 9.011792 9	5120 10 5	512 1 1	0.291 -0.046 0.166
