AbsTime RelTime SeqNumber	AbsBytes AbsPackets AbsFrames	RelBytes RelPackets RelFrames	Delay PrevPacketDelayDiff Jitter
000001 1756391140564249 0.495730 1	1024 2 0	512 1 0	2.359 -1.347 0.301
000002 1756391141065475 0.996956 2	1536 3 0	512 1 0	1.612 -0.747 0.329
000003 1756391141567035 1.498516 3	2048 4 0	512 1 0	1.912 0.300 0.327
000004 1756391142069342 2.000823 4	2560 5 0	512 1 0	2.908 0.996 0.369
000005 1756391142570773 2.502254 5	3072 6 0	512 1 0	1.658 -1.250 0.424
000006 1756391143072769 3.004250 6	3584 7 0	512 1 0	1.481 -0.177 0.409
000007 1756391143573935 3.505416 7	4096 8 0	512 1 0	1.677 0.196 0.395
000008 1756391144074892 4.006373 8	4608 9 0	512 1 0	1.456 -0.221 0.385
000009 1756391144575886 4.507367 9	5120 10 0	512 1 0	1.569 0.113 0.368
000010 1756391145077534 5.009015 10	5632 11 1	512 1 1	1.549 -0.020 0.346
000011 1756391145578154 5.509635 11	6144 12 2	512 1 1	1.334 -0.215 0.338
000012 1756391146079896 6.011377 12	6656 13 3	512 1 1	1.512 0.178 0.328
000013 1756391146580617 6.512098 13	7168 14 4	512 1 1	1.309 -0.203 0.320
000014 1756391147081906 7.013387 14	7680 15 5	512 1 1	1.663 0.354 0.322
000015 1756391147582421 7.513902 15	8192 16 6	512 1 1	1.540 -0.123 0.310
000016 1756391148083716 8.015197 16	8704 17 7	512 1 1	1.578 0.038 0.293
000017 1756391148585597 8.517078 17	9216 18 8	512 1 1	1.692 0.114 0.281
000018 1756391149087496 9.018977 18	9728 19 9	512 1 1	1.599 -0.093 0.270
000019 1756391149588274 9.519755 19	10240 20 10	512 1 1	1.657 0.058 0.256
000020 1756391150089173 10.020654 20	10752 21 11	512 1 1	1.499 -0.158 0.250
000021 1756391150590026 10.521507 21	11264 22 12	512 1 1	1.380 -0.119 0.242
000022 1756391151090777 11.022258 22	11776 23 13	512 1 1	1.433 0.053 0.230
000023 1756391151591626 11.523107 23	12288 24 14	512 1 1	1.488 0.055 0.219
000024 1756391152092359 12.023840 24	12800 25 15	512 1 1	1.422 -0.066 0.210
000025 1756391152593974 12.525455 25	13312 26 16	512 1 1	1.887 0.465 0.226
000026 1756391153094253 13.025734 26	13824 27 17	512 1 1	1.339 -0.548 0.246
000027 1756391153595644 13.527125 27	14336 28 18	512 1 1	1.495 0.156 0.240
000028 1756391154097221 14.028702 28	14848 29 19	512 1 1	1.341 -0.154 0.235
000029 1756391154597575 14.529056 29	15360 30 20	512 1 1	1.365 0.024 0.222
000030 1756391155099130 15.030611 30	15872 31 21	512 1 1	1.323 -0.042 0.210
000031 1756391155600987 15.532468 31	16384 32 22	512 1 1	1.539 0.216 0.211
000032 1756391156102318 16.033799 32	16896 33 23	512 1 1	1.641 0.102 0.204
000033 1756391156603745 16.535226 33	17408 34 24	512 1 1	1.662 0.021 0.193
000034 1756391157104954 17.036435 34	17920 35 25	512 1 1	1.962 0.300 0.199
000035 1756391157605427 17.536908 35	18432 36 26	512 1 1	1.700 -0.262 0.203
000036 1756391158107651 18.039132 36	18944 37 27	512 1 1	1.655 -0.045 0.193
000037 1756391158608338 18.539819 37	19456 38 28	512 1 1	1.763 0.108 0.188
000038 1756391159108519 19.040000 38	19968 39 29	512 1 1	1.444 -0.319 0.196
000039 1756391159610679 19.542160 39	20480 40 30	512 1 1	1.736 0.292 0.202
000040 1756391160112101 20.043582 40	20992 41 31	512 1 1	1.569 -0.167 0.200
000041 1756391160613334 20.544815 41	21504 42 32	512 1 1	1.551 -0.018 0.189
000042 1756391161114362 21.045843 42	22016 43 33	512 1 1	1.475 -0.076 0.182
000043 1756391161615058 21.546539 43	22528 44 34	512 1 1	1.501 0.026 0.172
000044 1756391162116092 22.047573 44	23040 45 35	512 1 1	1.451 -0.050 0.164
000045 1756391162617594 22.549075 45	23552 46 36	512 1 1	1.570 0.119 0.161
000046 1756391163119460 23.050941 46	24064 47 37	512 1 1	1.440 -0.130 0.159
000047 1756391163622323 23.553804 47	24576 48 38	512 1 1	1.540 0.100 0.156
000048 1756391164124376 24.055857 48	25088 49 39	512 1 1	1.490 -0.050 0.149
000049 1756391164625417 24.556898 49	25600 50 40	512 1 1	1.527 0.037 0.142
000050 1756391165126545 25.058026 50	26112 51 41	512 1 1	1.521 -0.006 0.134
000051 1756391165627006 25.558487 51	26624 52 42	512 1 1	1.304 -0.217 0.139
000052 1756391166128060 26.059541 52	27136 53 43	512 1 1	1.447 0.143 0.139
000053 1756391166629620 26.561101 53	27648 54 44	512 1 1	1.290 -0.157 0.140
000054 1756391167131207 27.062688 54	28160 55 45	512 1 1	1.144 -0.146 0.141
000055 1756391167632211 27.563692 55	28672 56 46	512 1 1	1.172 0.028 0.134
000056 1756391168133320 28.064801 56	29184 57 47	512 1 1	1.390 0.218 0.139
000057 1756391168633962 28.565443 57	29696 58 48	512 1 1	1.312 -0.078 0.135
000058 1756391169135027 29.066508 58	30208 59 49	512 1 1	1.802 0.490 0.157
000059 1756391169635561 29.567042 59	30720 60 50	512 1 1	1.630 -0.172 0.158
000060 1756391170137139 30.068620 60	31232 61 51	512 1 1	2.098 0.468 0.177
000061 1756391170637781 30.569262 61	31744 62 52	512 1 1	1.370 -0.728 0.212
000062 1756391171138995 31.070476 62	32256 63 53	512 1 1	1.754 0.384 0.223
000063 1756391171639036 31.570517 63	32768 64 54	512 1 1	1.018 -0.736 0.255
000064 1756391172140144 32.071625 64	33280 65 55	512 1 1	1.495 0.477 0.269
000065 1756391172640808 32.572289 65	33792 66 56	512 1 1	1.409 -0.086 0.257
000066 1756391173142535 33.074016 66	34304 67 57	512 1 1	1.629 0.220 0.255
000067 1756391173644247 33.575728 67	34816 68 58	512 1 1	1.748 0.119 0.246
000068 1756391174146048 34.077529 68	35328 69 59	512 1 1	1.659 -0.089 0.237
000069 1756391174647344 34.578825 69	35840 70 60	512 1 1	1.442 -0.217 0.235
000070 1756391175148654 35.080135 70	36352 71 61	512 1 1	1.511 0.069 0.225
000071 1756391175650545 35.582026 71	36864 72 62	512 1 1	1.115 -0.396 0.236
000072 1756391176152910 36.084391 72	37376 73 63	512 1 1	1.115 0.000 0.221
000073 1756391176655042 36.586523 73	37888 74 64	512 1 1	1.073 -0.042 0.210
000074 1756391177156571 37.088052 74	38400 75 65	512 1 1	1.639 0.566 0.232
000075 1756391177658001 37.589482 75	38912 76 66	512 1 1	1.498 -0.141 0.226
000076 1756391178159672 38.091153 76	39424 77 67	512 1 1	1.474 -0.024 0.214
000077 1756391178660210 38.591691 77	39936 78 68	512 1 1	1.123 -0.351 0.222
000078 1756391179161931 39.093412 78	40448 79 69	512 1 1	1.269 0.146 0.217
000079 1756391179662770 39.594251 79	40960 80 70	512 1 1	1.147 -0.122 0.212
000080 1756391180163643 40.095124 80	41472 81 71	512 1 1	1.377 0.230 0.213
000081 1756391180664201 40.595682 81	41984 82 72	512 1 1	1.417 0.040 0.202
000082 1756391181165635 41.097116 82	42496 83 73	512 1 1	1.654 0.237 0.204
000083 1756391181666519 41.598000 83	43008 84 74	512 1 1	1.221 -0.433 0.218
000084 1756391182167510 42.098991 84	43520 85 75	512 1 1	1.469 0.248 0.220
000085 1756391182669110 42.600591 85	44032 86 76	512 1 1	1.348 -0.121 0.214
000086 1756391183170671 43.102152 86	44544 87 77	512 1 1	1.458 0.110 0.208
000087 1756391183672031 43.603512 87	45056 88 78	512 1 1	1.431 -0.027 0.196
000088 1756391184172540 44.104021 88	45568 89 79	512 1 1	1.399 -0.032 0.186
000089 1756391184673301 44.604782 89	46080 90 80	512 1 1	1.219 -0.180 0.186
000090 1756391185174305 45.105786 90	46592 91 81	512 1 1	1.444 0.225 0.188
000091 1756391185675622 45.607103 91	47104 92 82	512 1 1	1.227 -0.217 0.190
000092 1756391186176285 46.107766 92	47616 93 83	512 1 1	1.355 0.128 0.186
000093 1756391186676910 46.608391 93	48128 94 84	512 1 1	1.251 -0.104 0.181
000094 1756391187177474 47.108955 94	48640 95 85	512 1 1	1.294 0.043 0.172
000095 1756391187678359 47.609840 95	49152 96 86	512 1 1	1.710 0.416 0.187
000096 1756391188179581 48.111062 96	49664 97 87	512 1 1	1.294 -0.416 0.202
000097 1756391188681310 48.612791 97	50176 98 88	512 1 1	1.628 0.334 0.210
000098 1756391189182526 49.114007 98	50688 99 89	512 1 1	1.544 -0.084 0.202
000099 1756391189684305 49.615786 99	51200 100 90	512 1 1	1.463 -0.081 0.195
000100 1756391190185106 50.116587 100	51712 101 91	512 1 1	1.489 0.026 0.184
000101 1756391190687075 50.618556 101	52224 102 92	512 1 1	1.497 0.008 0.173
000102 1756391191188085 51.119566 102	52736 103 93	512 1 1	1.434 -0.063 0.166
000103 1756391191690145 51.621626 103	53248 104 94	512 1 1	1.464 0.030 0.158
000104 1756391192191039 52.122520 104	53760 105 95	512 1 1	1.335 -0.129 0.156
000105 1756391192692160 52.623641 105	54272 106 96	512 1 1	1.127 -0.208 0.159
000106 1756391193193662 53.125143 106	54784 107 97	512 1 1	1.562 0.435 0.176
000107 1756391193695614 53.627095 107	55296 108 98	512 1 1	1.263 -0.299 0.184
000108 1756391194197791 54.129272 108	55808 109 99	512 1 1	1.330 0.067 0.177
000109 1756391194699157 54.630638 109	56320 110 100	512 1 1	1.784 0.454 0.194
000110 1756391195200268 55.131749 110	56832 111 101	512 1 1	1.184 -0.600 0.219
000111 1756391195702360 55.633841 111	57344 112 102	512 1 1	1.529 0.345 0.227
000112 1756391196203525 56.135006 112	57856 113 103	512 1 1	1.608 0.079 0.218
000113 1756391196705193 56.636674 113	58368 114 104	512 1 1	1.368 -0.240 0.219
000114 1756391197207948 57.139429 114	58880 115 105	512 1 1	1.945 0.577 0.242
000115 1756391197709171 57.640652 115	59392 116 106	512 1 1	1.553 -0.392 0.251
000116 1756391198210254 58.141735 116	59904 117 107	512 1 1	1.316 -0.237 0.250
000117 1756391198712108 58.643589 117	60416 118 108	512 1 1	1.199 -0.117 0.242
000118 1756391199213910 59.145391 118	60928 119 109	512 1 1	1.651 0.452 0.255
000119 1756391199715673 59.647154 119	61440 120 110	512 1 1	1.654 0.003 0.239
