AbsTime RelTime SeqNumber	AbsBytes AbsPackets AbsFrames	RelBytes RelPackets RelFrames	Delay PrevPacketDelayDiff Jitter
000001 1756391140165435 0.098689 1	2048 2 0	1024 1 0	-0.011 -1.753 0.212
000002 1756391140266457 0.199711 2	3072 3 0	1024 1 0	0.396 0.407 0.224
000003 1756391140366593 0.299847 3	4096 4 0	1024 1 0	0.073 -0.323 0.230
000004 1756391140467279 0.400533 4	5120 5 0	1024 1 0	0.163 0.090 0.221
000005 1756391140567860 0.501114 5	6144 6 0	1024 1 0	0.241 0.078 0.212
000006 1756391140668505 0.601759 6	7168 7 0	1024 1 0	0.109 -0.132 0.207
000007 1756391140769122 0.702376 7	8192 8 0	1024 1 0	0.400 0.291 0.213
000008 1756391140869563 0.802817 8	9216 9 0	1024 1 0	0.183 -0.217 0.213
000009 1756391140970081 0.903335 9	10240 10 0	1024 1 0	0.209 0.026 0.201
000010 1756391141070335 1.003589 10	11264 11 0	1024 1 0	0.124 -0.085 0.194
000011 1756391141170487 1.103741 11	12288 12 0	1024 1 0	0.014 -0.110 0.189
000012 1756391141272177 1.205431 12	13312 13 0	1024 1 0	1.250 1.236 0.254
000013 1756391141371589 1.304843 13	14336 14 0	1024 1 0	-0.071 -1.321 0.321
000014 1756391141472399 1.405653 14	15360 15 0	1024 1 0	0.119 0.190 0.313
000015 1756391141572781 1.506035 15	16384 16 0	1024 1 0	0.124 0.005 0.293
000016 1756391141673136 1.606390 16	17408 17 0	1024 1 0	-0.013 -0.137 0.284
000017 1756391141773733 1.706987 17	18432 18 0	1024 1 0	0.090 0.103 0.272
000018 1756391141874134 1.807388 18	19456 19 0	1024 1 0	0.084 -0.006 0.256
000019 1756391141974505 1.907759 19	20480 20 0	1024 1 0	-0.057 -0.141 0.249
000020 1756391142074913 2.008167 20	21504 21 0	1024 1 0	-0.084 -0.027 0.235
000021 1756391142175807 2.109061 21	22528 22 0	1024 1 0	-0.039 0.045 0.223
000022 1756391142276314 2.209568 22	23552 23 0	1024 1 0	0.013 0.052 0.212
000023 1756391142376744 2.309998 23	24576 24 0	1024 1 0	0.082 0.069 0.203
000024 1756391142476960 2.410214 24	25600 25 0	1024 1 0	0.067 -0.015 0.191
000025 1756391142577296 2.510550 25	26624 26 0	1024 1 0	0.075 0.008 0.180
000026 1756391142677742 2.610996 26	27648 27 0	1024 1 0	-0.116 -0.191 0.181
000027 1756391142778168 2.711422 27	28672 28 0	1024 1 0	0.010 0.126 0.177
000028 1756391142878481 2.811735 28	29696 29 0	1024 1 0	-0.017 -0.027 0.168
000029 1756391142979086 2.912340 29	30720 30 0	1024 1 0	0.127 0.144 0.166
000030 1756391143079320 3.012574 30	31744 31 0	1024 1 0	-0.078 -0.205 0.169
000031 1756391143179880 3.113134 31	32768 32 0	1024 1 0	0.031 0.109 0.165
000032 1756391143280336 3.213590 32	33792 33 0	1024 1 0	0.234 0.203 0.167
000033 1756391143380528 3.313782 33	34816 34 0	1024 1 0	0.204 -0.030 0.159
000034 1756391143480878 3.414132 34	35840 35 0	1024 1 0	0.288 0.084 0.154
000035 1756391143581021 3.514275 35	36864 36 0	1024 1 0	0.028 -0.260 0.161
000036 1756391143681704 3.614958 36	37888 37 0	1024 1 0	0.094 0.066 0.155
000037 1756391143782014 3.715268 37	38912 38 0	1024 1 0	0.088 -0.006 0.146
000038 1756391143882325 3.815579 38	39936 39 0	1024 1 0	-0.015 -0.103 0.143
000039 1756391143983233 3.916487 39	40960 40 0	1024 1 0	0.052 0.067 0.138
000040 1756391144083592 4.016846 40	41984 41 0	1024 1 0	0.002 -0.050 0.133
000041 1756391144183911 4.117165 41	43008 42 0	1024 1 0	0.036 0.034 0.126
000042 1756391144284680 4.217934 42	44032 43 0	1024 1 0	0.027 -0.009 0.119
000043 1756391144385077 4.318331 43	45056 44 0	1024 1 0	-0.036 -0.063 0.116
000044 1756391144485444 4.418698 44	46080 45 0	1024 1 0	-0.110 -0.074 0.113
000045 1756391144586349 4.519603 45	47104 46 0	1024 1 0	0.254 0.364 0.129
000046 1756391144686318 4.619572 46	48128 47 0	1024 1 0	-0.067 -0.321 0.141
000047 1756391144787166 4.720420 47	49152 48 0	1024 1 0	0.327 0.394 0.157
000048 1756391144887455 4.820709 48	50176 49 0	1024 1 0	0.217 -0.110 0.154
000049 1756391144988106 4.921360 49	51200 50 0	1024 1 0	0.192 -0.025 0.146
000050 1756391145088709 5.021963 50	52224 51 1	1024 1 1	0.037 -0.155 0.146
000051 1756391145189212 5.122466 51	53248 52 2	1024 1 1	0.080 0.043 0.140
000052 1756391145289370 5.222624 52	54272 53 3	1024 1 1	-0.235 -0.315 0.151
000053 1756391145390098 5.323352 53	55296 54 4	1024 1 1	0.126 0.361 0.164
000054 1756391145490205 5.423459 54	56320 55 5	1024 1 1	-0.092 -0.218 0.167
000055 1756391145590882 5.524136 55	57344 56 6	1024 1 1	-0.030 0.062 0.161
000056 1756391145690992 5.624246 56	58368 57 7	1024 1 1	-0.150 -0.120 0.158
000057 1756391145791340 5.724594 57	59392 58 8	1024 1 1	-0.033 0.117 0.156
000058 1756391145891536 5.824790 58	60416 59 9	1024 1 1	-0.065 -0.032 0.148
000059 1756391145992434 5.925688 59	61440 60 10	1024 1 1	0.255 0.320 0.159
000060 1756391146092526 6.025780 60	62464 61 11	1024 1 1	-0.190 -0.445 0.176
000061 1756391146192903 6.126157 61	63488 62 12	1024 1 1	0.040 0.230 0.180
000062 1756391146293881 6.227135 62	64512 63 13	1024 1 1	0.142 0.102 0.175
000063 1756391146394097 6.327351 63	65536 64 14	1024 1 1	-0.086 -0.228 0.178
000064 1756391146494258 6.427512 64	66560 65 15	1024 1 1	-0.244 -0.158 0.177
000065 1756391146595116 6.528370 65	67584 66 16	1024 1 1	-0.152 0.092 0.172
000066 1756391146695436 6.628690 66	68608 67 17	1024 1 1	0.041 0.193 0.173
000067 1756391146796293 6.729547 67	69632 68 18	1024 1 1	0.058 0.017 0.163
000068 1756391146896461 6.829715 68	70656 69 19	1024 1 1	-0.045 -0.103 0.160
000069 1756391146997056 6.930310 69	71680 70 20	1024 1 1	0.315 0.360 0.172
000070 1756391147097066 7.030320 70	72704 71 21	1024 1 1	0.010 -0.305 0.180
000071 1756391147198187 7.131441 71	73728 72 22	1024 1 1	0.257 0.247 0.185
000072 1756391147298621 7.231875 72	74752 73 23	1024 1 1	0.073 -0.184 0.184
000073 1756391147398999 7.332253 73	75776 74 24	1024 1 1	0.088 0.015 0.174
000074 1756391147499014 7.432268 74	76800 75 25	1024 1 1	-0.143 -0.231 0.177
000075 1756391147599664 7.532918 75	77824 76 26	1024 1 1	0.108 0.251 0.182
000076 1756391147699883 7.633137 76	78848 77 27	1024 1 1	0.013 -0.095 0.177
000077 1756391147800265 7.733519 77	79872 78 28	1024 1 1	0.076 0.063 0.170
000078 1756391147900734 7.833988 78	80896 79 29	1024 1 1	0.085 0.009 0.159
000079 1756391148001022 7.934276 79	81920 80 30	1024 1 1	0.106 0.021 0.151
000080 1756391148101277 8.034531 80	82944 81 31	1024 1 1	0.057 -0.049 0.144
000081 1756391148201864 8.135118 81	83968 82 32	1024 1 1	0.312 0.255 0.151
000082 1756391148302408 8.235662 82	84992 83 33	1024 1 1	0.184 -0.128 0.150
000083 1756391148403017 8.336271 83	86016 84 34	1024 1 1	0.050 -0.134 0.149
000084 1756391148503927 8.437181 84	87040 85 35	1024 1 1	0.437 0.387 0.164
000085 1756391148604239 8.537493 85	88064 86 36	1024 1 1	0.428 -0.009 0.154
000086 1756391148704557 8.637811 86	89088 87 37	1024 1 1	0.379 -0.049 0.148
000087 1756391148805065 8.738319 87	90112 88 38	1024 1 1	0.188 -0.191 0.150
000088 1756391148905815 8.839069 88	91136 89 39	1024 1 1	0.231 0.043 0.144
000089 1756391149006877 8.940131 89	92160 90 40	1024 1 1	0.415 0.184 0.146
000090 1756391149107100 9.040354 90	93184 91 41	1024 1 1	0.026 -0.389 0.161
000091 1756391149208234 9.141488 91	94208 92 42	1024 1 1	0.321 0.295 0.170
000092 1756391149308253 9.241507 92	95232 93 43	1024 1 1	0.083 -0.238 0.174
000093 1756391149408741 9.341995 93	96256 94 44	1024 1 1	0.116 0.033 0.165
000094 1756391149508780 9.442034 94	97280 95 45	1024 1 1	-0.073 -0.189 0.167
000095 1756391149609185 9.542439 95	98304 96 46	1024 1 1	0.091 0.164 0.166
000096 1756391149709928 9.643182 96	99328 97 47	1024 1 1	0.351 0.260 0.172
000097 1756391149810479 9.743733 97	100352 98 48	1024 1 1	0.217 -0.134 0.170
000098 1756391149911586 9.844840 98	101376 99 49	1024 1 1	0.238 0.021 0.161
000099 1756391150012178 9.945432 99	102400 100 50	1024 1 1	0.291 0.053 0.154
000100 1756391150113058 10.046312 100	103424 101 51	1024 1 1	0.879 0.588 0.181
000101 1756391150213591 10.146845 101	104448 102 52	1024 1 1	0.717 -0.162 0.180
000102 1756391150314125 10.247379 102	105472 103 53	1024 1 1	0.714 -0.003 0.169
000103 1756391150414023 10.347277 103	106496 104 54	1024 1 1	0.224 -0.490 0.189
000104 1756391150514729 10.447983 104	107520 105 55	1024 1 1	0.554 0.330 0.198
000105 1756391150615126 10.548380 105	108544 106 56	1024 1 1	0.528 -0.026 0.187
000106 1756391150714913 10.648167 106	109568 107 57	1024 1 1	0.134 -0.394 0.200
000107 1756391150816106 10.749360 107	110592 108 58	1024 1 1	0.306 0.172 0.198
000108 1756391150916777 10.850031 108	111616 109 59	1024 1 1	0.155 -0.151 0.195
000109 1756391151017377 10.950631 109	112640 110 60	1024 1 1	0.092 -0.063 0.187
000110 1756391151118622 11.051876 110	113664 111 61	1024 1 1	0.681 0.589 0.212
000111 1756391151218565 11.151819 111	114688 112 62	1024 1 1	0.222 -0.459 0.227
000112 1756391151319082 11.252336 112	115712 113 63	1024 1 1	0.357 0.135 0.222
000113 1756391151421101 11.354355 113	116736 114 64	1024 1 1	0.182 -0.175 0.219
000114 1756391151521459 11.454713 114	117760 115 65	1024 1 1	-0.098 -0.280 0.223
000115 1756391151621914 11.555168 115	118784 116 66	1024 1 1	0.102 0.200 0.221
000116 1756391151722220 11.655474 116	119808 117 67	1024 1 1	0.039 -0.063 0.211
000117 1756391151822546 11.755800 117	120832 118 68	1024 1 1	-0.040 -0.079 0.203
000118 1756391151923076 11.856330 118	121856 119 69	1024 1 1	0.084 0.124 0.198
000119 1756391152023996 11.957250 119	122880 120 70	1024 1 1	0.370 0.286 0.204
000120 1756391152124368 12.057622 120	123904 121 71	1024 1 1	0.248 -0.122 0.198
000121 1756391152224702 12.157956 121	124928 122 72	1024 1 1	0.206 -0.042 0.189
000122 1756391152325130 12.258384 122	125952 123 73	1024 1 1	0.134 -0.072 0.181
000123 1756391152426122 12.359376 123	126976 124 74	1024 1 1	0.232 0.098 0.176
000124 1756391152526428 12.459682 124	128000 125 75	1024 1 1	0.074 -0.158 0.175
000125 1756391152626670 12.559924 125	129024 126 76	1024 1 1	0.076 0.002 0.164
000126 1756391152727418 12.660672 126	130048 127 77	1024 1 1	0.348 0.272 0.171
000127 1756391152827617 12.760871 127	131072 128 78	1024 1 1	0.270 -0.078 0.165
000128 1756391152928239 12.861493 128	132096 129 79	1024 1 1	0.401 0.131 0.163
000129 1756391153028886 12.962140 129	133120 130 80	1024 1 1	0.128 -0.273 0.170
000130 1756391153129043 13.062297 130	134144 131 81	1024 1 1	0.018 -0.110 0.166
000131 1756391153229632 13.162886 131	135168 132 82	1024 1 1	-0.007 -0.025 0.157
000132 1756391153330366 13.263620 132	136192 133 83	1024 1 1	0.136 0.143 0.156
000133 1756391153431001 13.364255 133	137216 134 84	1024 1 1	0.481 0.345 0.168
000134 1756391153531584 13.464838 134	138240 135 85	1024 1 1	0.022 -0.459 0.186
000135 1756391153632515 13.565769 135	139264 136 86	1024 1 1	0.433 0.411 0.200
000136 1756391153732547 13.665801 136	140288 137 87	1024 1 1	0.009 -0.424 0.214
000137 1756391153833228 13.766482 137	141312 138 88	1024 1 1	0.252 0.243 0.216
000138 1756391153933708 13.866962 138	142336 139 89	1024 1 1	0.345 0.093 0.209
000139 1756391154033654 13.966908 139	143360 140 90	1024 1 1	0.006 -0.339 0.217
000140 1756391154134359 14.067613 140	144384 141 91	1024 1 1	0.294 0.288 0.221
000141 1756391154236116 14.169370 141	145408 142 92	1024 1 1	0.676 0.382 0.231
000142 1756391154336105 14.269359 142	146432 143 93	1024 1 1	0.396 -0.280 0.234
000143 1756391154437530 14.370784 143	147456 144 94	1024 1 1	0.582 0.186 0.231
000144 1756391154537361 14.470615 144	148480 145 95	1024 1 1	0.146 -0.436 0.244
000145 1756391154637623 14.570877 145	149504 146 96	1024 1 1	0.245 0.099 0.235
000146 1756391154738389 14.671643 146	150528 147 97	1024 1 1	0.119 -0.126 0.228
000147 1756391154838864 14.772118 147	151552 148 98	1024 1 1	0.012 -0.107 0.221
000148 1756391154939003 14.872257 148	152576 149 99	1024 1 1	-0.237 -0.249 0.222
000149 1756391155039277 14.972531 149	153600 150 100	1024 1 1	-0.204 0.033 0.211
000150 1756391155140086 15.073340 150	154624 151 101	1024 1 1	0.218 0.422 0.224
000151 1756391155241903 15.175157 151	155648 152 102	1024 1 1	1.039 0.821 0.261
000152 1756391155341647 15.274901 152	156672 153 103	1024 1 1	0.107 -0.932 0.303
000153 1756391155442037 15.375291 153	157696 154 104	1024 1 1	0.069 -0.038 0.286
000154 1756391155543210 15.476464 154	158720 155 105	1024 1 1	0.268 0.199 0.281
000155 1756391155643922 15.577176 155	159744 156 106	1024 1 1	0.507 0.239 0.278
000156 1756391155744634 15.677888 156	160768 157 107	1024 1 1	0.383 -0.124 0.269
000157 1756391155844709 15.777963 157	161792 158 108	1024 1 1	0.105 -0.278 0.269
000158 1756391155945940 15.879194 158	162816 159 109	1024 1 1	1.008 0.903 0.309
000159 1756391156045966 15.979220 159	163840 160 110	1024 1 1	0.488 -0.520 0.322
000160 1756391156146613 16.079867 160	164864 161 111	1024 1 1	0.718 0.230 0.316
000161 1756391156247325 16.180579 161	165888 162 112	1024 1 1	0.515 -0.203 0.309
000162 1756391156348075 16.281329 162	166912 163 113	1024 1 1	0.930 0.415 0.316
000163 1756391156447901 16.381155 163	167936 164 114	1024 1 1	0.151 -0.779 0.345
000164 1756391156549421 16.482675 164	168960 165 115	1024 1 1	1.432 1.281 0.403
000165 1756391156649284 16.582538 165	169984 166 116	1024 1 1	0.938 -0.494 0.409
000166 1756391156749367 16.682621 166	171008 167 117	1024 1 1	0.612 -0.326 0.404
000167 1756391156849567 16.782821 167	172032 168 118	1024 1 1	0.391 -0.221 0.392
000168 1756391156950076 16.883330 168	173056 169 119	1024 1 1	0.371 -0.020 0.369
000169 1756391157051489 16.984743 169	174080 170 120	1024 1 1	0.408 0.037 0.348
000170 1756391157152286 17.085540 170	175104 171 121	1024 1 1	0.951 0.543 0.361
000171 1756391157253217 17.186471 171	176128 172 122	1024 1 1	0.704 -0.247 0.353
000172 1756391157353508 17.286762 172	177152 173 123	1024 1 1	0.716 0.012 0.332
000173 1756391157454176 17.387430 173	178176 174 124	1024 1 1	0.623 -0.093 0.317
000174 1756391157555470 17.488724 174	179200 175 125	1024 1 1	0.473 -0.150 0.307
000175 1756391157656521 17.589775 175	180224 176 126	1024 1 1	0.559 0.086 0.293
000176 1756391157757278 17.690532 176	181248 177 127	1024 1 1	0.283 -0.276 0.292
000177 1756391157858083 17.791337 177	182272 178 128	1024 1 1	0.642 0.359 0.296
000178 1756391157957959 17.891213 178	183296 179 129	1024 1 1	0.029 -0.613 0.316
000179 1756391158058633 17.991887 179	184320 180 130	1024 1 1	0.153 0.124 0.304
000180 1756391158158993 18.092247 180	185344 181 131	1024 1 1	0.042 -0.111 0.292
000181 1756391158260769 18.194023 181	186368 182 132	1024 1 1	0.869 0.827 0.325
000182 1756391158360567 18.293821 182	187392 183 133	1024 1 1	0.298 -0.571 0.341
000183 1756391158460867 18.394121 183	188416 184 134	1024 1 1	0.182 -0.116 0.327
000184 1756391158562180 18.495434 184	189440 185 135	1024 1 1	0.516 0.334 0.327
000185 1756391158662158 18.595412 185	190464 186 136	1024 1 1	0.031 -0.485 0.337
000186 1756391158762695 18.695949 186	191488 187 137	1024 1 1	0.274 0.243 0.331
000187 1756391158863060 18.796314 187	192512 188 138	1024 1 1	0.200 -0.074 0.315
000188 1756391158964154 18.897408 188	193536 189 139	1024 1 1	0.156 -0.044 0.298
000189 1756391159064999 18.998253 189	194560 190 140	1024 1 1	-0.064 -0.220 0.293
000190 1756391159164987 19.098241 190	195584 191 141	1024 1 1	-0.261 -0.197 0.287
000191 1756391159266283 19.199537 191	196608 192 142	1024 1 1	0.159 0.420 0.295
000192 1756391159366566 19.299820 192	197632 193 143	1024 1 1	0.036 -0.123 0.285
000193 1756391159467096 19.400350 193	198656 194 144	1024 1 1	0.253 0.217 0.280
000194 1756391159568392 19.501646 194	199680 195 145	1024 1 1	0.476 0.223 0.277
000195 1756391159668953 19.602207 195	200704 196 146	1024 1 1	0.645 0.169 0.270
000196 1756391159769593 19.702847 196	201728 197 147	1024 1 1	0.598 -0.047 0.256
000197 1756391159870156 19.803410 197	202752 198 148	1024 1 1	0.323 -0.275 0.257
000198 1756391159970749 19.904003 198	203776 199 149	1024 1 1	0.405 0.082 0.246
000199 1756391160071193 20.004447 199	204800 200 150	1024 1 1	0.377 -0.028 0.233
000200 1756391160172064 20.105318 200	205824 201 151	1024 1 1	0.418 0.041 0.221
000201 1756391160272977 20.206231 201	206848 202 152	1024 1 1	0.337 -0.081 0.212
000202 1756391160373470 20.306724 202	207872 203 153	1024 1 1	0.569 0.232 0.213
000203 1756391160473089 20.406343 203	208896 204 154	1024 1 1	0.016 -0.553 0.235
000204 1756391160573720 20.506974 204	209920 205 155	1024 1 1	0.368 0.352 0.242
000205 1756391160673800 20.607054 205	210944 206 156	1024 1 1	0.155 -0.213 0.240
000206 1756391160774104 20.707358 206	211968 207 157	1024 1 1	0.232 0.077 0.230
000207 1756391160874634 20.807888 207	212992 208 158	1024 1 1	-0.023 -0.255 0.231
000208 1756391160975232 20.908486 208	214016 209 159	1024 1 1	0.363 0.386 0.241
000209 1756391161076528 21.009782 209	215040 210 160	1024 1 1	0.440 0.077 0.231
000210 1756391161176485 21.109739 210	216064 211 161	1024 1 1	0.050 -0.390 0.241
000211 1756391161276976 21.210230 211	217088 212 162	1024 1 1	0.110 0.060 0.229
000212 1756391161377411 21.310665 212	218112 213 163	1024 1 1	0.151 0.041 0.218
000213 1756391161477770 21.411024 213	219136 214 164	1024 1 1	0.060 -0.091 0.210
000214 1756391161578089 21.511343 214	220160 215 165	1024 1 1	0.034 -0.026 0.198
000215 1756391161678944 21.612198 215	221184 216 166	1024 1 1	0.060 0.026 0.188
000216 1756391161779508 21.712762 216	222208 217 167	1024 1 1	0.022 -0.038 0.178
000217 1756391161880003 21.813257 217	223232 218 168	1024 1 1	0.120 0.098 0.173
000218 1756391161980898 21.914152 218	224256 219 169	1024 1 1	0.144 0.024 0.164
000219 1756391162081326 22.014580 219	225280 220 170	1024 1 1	0.070 -0.074 0.158
000220 1756391162181868 22.115122 220	226304 221 171	1024 1 1	0.284 0.214 0.162
000221 1756391162282203 22.215457 221	227328 222 172	1024 1 1	0.269 -0.015 0.153
000222 1756391162382794 22.316048 222	228352 223 173	1024 1 1	-0.043 -0.312 0.163
000223 1756391162483104 22.416358 223	229376 224 174	1024 1 1	-0.053 -0.010 0.153
000224 1756391162584339 22.517593 224	230400 225 175	1024 1 1	0.405 0.458 0.172
000225 1756391162684861 22.618115 225	231424 226 176	1024 1 1	0.271 -0.134 0.170
000226 1756391162785741 22.718995 226	232448 227 177	1024 1 1	0.165 -0.106 0.166
000227 1756391162885662 22.818916 227	233472 228 178	1024 1 1	-0.240 -0.405 0.181
000228 1756391162986530 22.919784 228	234496 229 179	1024 1 1	-0.113 0.127 0.177
000229 1756391163086854 23.020108 229	235520 230 180	1024 1 1	-0.034 0.079 0.171
000230 1756391163187058 23.120312 230	236544 231 181	1024 1 1	-0.135 -0.101 0.167
000231 1756391163287406 23.220660 231	237568 232 182	1024 1 1	-0.013 0.122 0.164
000232 1756391163387561 23.320815 232	238592 233 183	1024 1 1	-0.082 -0.069 0.158
000233 1756391163488024 23.421278 233	239616 234 184	1024 1 1	-0.054 0.028 0.150
000234 1756391163588294 23.521548 234	240640 235 185	1024 1 1	-0.067 -0.013 0.141
000235 1756391163689112 23.622366 235	241664 236 186	1024 1 1	0.014 0.081 0.138
000236 1756391163789435 23.722689 236	242688 237 187	1024 1 1	-0.048 -0.062 0.133
000237 1756391163890316 23.823570 237	243712 238 188	1024 1 1	0.109 0.157 0.134
000238 1756391163990296 23.923550 238	244736 239 189	1024 1 1	-0.086 -0.195 0.138
000239 1756391164091016 24.024270 239	245760 240 190	1024 1 1	0.016 0.102 0.136
000240 1756391164191183 24.124437 240	246784 241 191	1024 1 1	-0.073 -0.089 0.133
000241 1756391164291612 24.224866 241	247808 242 192	1024 1 1	0.117 0.190 0.137
000242 1756391164391941 24.325195 242	248832 243 193	1024 1 1	-0.011 -0.128 0.136
000243 1756391164492355 24.425609 243	249856 244 194	1024 1 1	-0.087 -0.076 0.132
000244 1756391164592956 24.526210 244	250880 245 195	1024 1 1	0.067 0.154 0.134
000245 1756391164693079 24.626333 245	251904 246 196	1024 1 1	-0.050 -0.117 0.133
000246 1756391164793546 24.726800 246	252928 247 197	1024 1 1	0.061 0.111 0.131
000247 1756391164894034 24.827288 247	253952 248 198	1024 1 1	0.098 0.037 0.125
000248 1756391164994264 24.927518 248	254976 249 199	1024 1 1	-0.042 -0.140 0.126
000249 1756391165094866 25.028120 249	256000 250 200	1024 1 1	-0.011 0.031 0.120
000250 1756391165195107 25.128361 250	257024 251 201	1024 1 1	0.015 0.026 0.114
000251 1756391165295856 25.229110 251	258048 252 202	1024 1 1	0.146 0.131 0.115
000252 1756391165396320 25.329574 252	259072 253 203	1024 1 1	-0.066 -0.212 0.121
000253 1756391165496859 25.430113 253	260096 254 204	1024 1 1	0.073 0.139 0.123
000254 1756391165598086 25.531340 254	261120 255 205	1024 1 1	0.348 0.275 0.132
000255 1756391165698915 25.632169 255	262144 256 206	1024 1 1	0.474 0.126 0.132
000256 1756391165799194 25.732448 256	263168 257 207	1024 1 1	0.308 -0.166 0.134
000257 1756391165899972 25.833226 257	264192 258 208	1024 1 1	0.341 0.033 0.128
000258 1756391166000185 25.933439 258	265216 259 209	1024 1 1	0.188 -0.153 0.129
000259 1756391166101037 26.034291 259	266240 260 210	1024 1 1	0.419 0.231 0.136
000260 1756391166201584 26.134838 260	267264 261 211	1024 1 1	-0.053 -0.472 0.157
000261 1756391166302019 26.235273 261	268288 262 212	1024 1 1	-0.104 -0.051 0.150
000262 1756391166402510 26.335764 262	269312 263 213	1024 1 1	-0.040 0.064 0.145
000263 1756391166503610 26.436864 263	270336 264 214	1024 1 1	0.393 0.433 0.163
000264 1756391166604725 26.537979 264	271360 265 215	1024 1 1	0.441 0.048 0.155
000265 1756391166705858 26.639112 265	272384 266 216	1024 1 1	0.251 -0.190 0.158
000266 1756391166806955 26.740209 266	273408 267 217	1024 1 1	0.326 0.075 0.152
000267 1756391166908272 26.841526 267	274432 268 218	1024 1 1	0.227 -0.099 0.149
000268 1756391167008470 26.941724 268	275456 269 219	1024 1 1	0.088 -0.139 0.148
000269 1756391167109048 27.042302 269	276480 270 220	1024 1 1	0.003 -0.085 0.144
000270 1756391167209362 27.142616 270	277504 271 221	1024 1 1	0.130 0.127 0.143
000271 1756391167309714 27.242968 271	278528 272 222	1024 1 1	0.004 -0.126 0.142
000272 1756391167410537 27.343791 272	279552 273 223	1024 1 1	0.129 0.125 0.141
000273 1756391167511865 27.445119 273	280576 274 224	1024 1 1	0.050 -0.079 0.137
000274 1756391167612501 27.545755 274	281600 275 225	1024 1 1	0.021 -0.029 0.131
000275 1756391167713997 27.647251 275	282624 276 226	1024 1 1	0.099 0.078 0.127
000276 1756391167814874 27.748128 276	283648 277 227	1024 1 1	0.139 0.040 0.122
000277 1756391167915233 27.848487 277	284672 278 228	1024 1 1	0.134 -0.005 0.115
000278 1756391168015857 27.949111 278	285696 279 229	1024 1 1	0.300 0.166 0.118
000279 1756391168116855 28.050109 279	286720 280 230	1024 1 1	0.354 0.054 0.114
000280 1756391168217226 28.150480 280	287744 281 231	1024 1 1	0.285 -0.069 0.111
000281 1756391168317701 28.250955 281	288768 282 232	1024 1 1	0.198 -0.087 0.109
000282 1756391168417887 28.351141 282	289792 283 233	1024 1 1	0.107 -0.091 0.108
000283 1756391168519168 28.452422 283	290816 284 234	1024 1 1	0.331 0.224 0.116
000284 1756391168619184 28.552438 284	291840 285 235	1024 1 1	0.085 -0.246 0.124
000285 1756391168719969 28.653223 285	292864 286 236	1024 1 1	0.139 0.054 0.119
000286 1756391168820511 28.753765 286	293888 287 237	1024 1 1	0.220 0.081 0.117
000287 1756391168921218 28.854472 287	294912 288 238	1024 1 1	0.355 0.135 0.118
000288 1756391169021665 28.954919 288	295936 289 239	1024 1 1	0.189 -0.166 0.121
000289 1756391169122145 29.055399 289	296960 290 240	1024 1 1	0.336 0.147 0.123
000290 1756391169223663 29.156917 290	297984 291 241	1024 1 1	0.170 -0.166 0.125
000291 1756391169324945 29.258199 291	299008 292 242	1024 1 1	0.304 0.134 0.126
000292 1756391169425522 29.358776 292	300032 293 243	1024 1 1	0.315 0.011 0.119
000293 1756391169526899 29.460153 293	301056 294 244	1024 1 1	0.373 0.058 0.115
000294 1756391169627147 29.560401 294	302080 295 245	1024 1 1	0.070 -0.303 0.127
000295 1756391169727609 29.660863 295	303104 296 246	1024 1 1	0.172 0.102 0.125
000296 1756391169827873 29.761127 296	304128 297 247	1024 1 1	0.189 0.017 0.118
000297 1756391169930401 29.863655 297	305152 298 248	1024 1 1	0.477 0.288 0.129
000298 1756391170031213 29.964467 298	306176 299 249	1024 1 1	0.377 -0.100 0.127
000299 1756391170131299 30.064553 299	307200 300 250	1024 1 1	0.199 -0.178 0.130
000300 1756391170231671 30.164925 300	308224 301 251	1024 1 1	0.045 -0.154 0.132
000301 1756391170332705 30.265959 301	309248 302 252	1024 1 1	0.168 0.123 0.131
000302 1756391170435410 30.368664 302	310272 303 253	1024 1 1	0.899 0.731 0.169
000303 1756391170535258 30.468512 303	311296 304 254	1024 1 1	0.236 -0.663 0.200
000304 1756391170635702 30.568956 304	312320 305 255	1024 1 1	0.124 -0.112 0.194
000305 1756391170737045 30.670299 305	313344 306 256	1024 1 1	0.220 0.096 0.188
000306 1756391170837493 30.770747 306	314368 307 257	1024 1 1	0.182 -0.038 0.179
000307 1756391170937878 30.871132 307	315392 308 258	1024 1 1	0.142 -0.040 0.170
000308 1756391171039275 30.972529 308	316416 309 259	1024 1 1	0.304 0.162 0.170
000309 1756391171140277 31.073531 309	317440 310 260	1024 1 1	0.265 -0.039 0.161
000310 1756391171240805 31.174059 310	318464 311 261	1024 1 1	0.289 0.024 0.153
000311 1756391171341197 31.274451 311	319488 312 262	1024 1 1	0.130 -0.159 0.153
000312 1756391171441628 31.374882 312	320512 313 263	1024 1 1	-0.064 -0.194 0.156
000313 1756391171542209 31.475463 313	321536 314 264	1024 1 1	-0.020 0.044 0.149
000314 1756391171642413 31.575667 314	322560 315 265	1024 1 1	-0.085 -0.065 0.143
000315 1756391171742616 31.675870 315	323584 316 266	1024 1 1	-0.047 0.038 0.137
000316 1756391171843084 31.776338 316	324608 317 267	1024 1 1	0.139 0.186 0.140
000317 1756391171943954 31.877208 317	325632 318 268	1024 1 1	0.108 -0.031 0.133
000318 1756391172044848 31.978102 318	326656 319 269	1024 1 1	0.221 0.113 0.132
000319 1756391172145326 32.078580 319	327680 320 270	1024 1 1	0.402 0.181 0.135
000320 1756391172245668 32.178922 320	328704 321 271	1024 1 1	0.115 -0.287 0.144
000321 1756391172346031 32.279285 321	329728 322 272	1024 1 1	0.097 -0.018 0.137
000322 1756391172446302 32.379556 322	330752 323 273	1024 1 1	0.066 -0.031 0.130
000323 1756391172546745 32.479999 323	331776 324 274	1024 1 1	0.128 0.062 0.126
000324 1756391172647207 32.580461 324	332800 325 275	1024 1 1	0.239 0.111 0.125
000325 1756391172749029 32.682283 325	333824 326 276	1024 1 1	0.946 0.707 0.161
000326 1756391172849071 32.782325 326	334848 327 277	1024 1 1	0.188 -0.758 0.198
000327 1756391172949644 32.882898 327	335872 328 278	1024 1 1	0.230 0.042 0.189
000328 1756391173050155 32.983409 328	336896 329 279	1024 1 1	0.200 -0.030 0.179
000329 1756391173150717 33.083971 329	337920 330 280	1024 1 1	0.247 0.047 0.171
000330 1756391173251177 33.184431 330	338944 331 281	1024 1 1	0.197 -0.050 0.163
000331 1756391173351462 33.284716 331	339968 332 282	1024 1 1	0.109 -0.088 0.158
000332 1756391173451777 33.385031 332	340992 333 283	1024 1 1	0.103 -0.006 0.149
000333 1756391173552155 33.485409 333	342016 334 284	1024 1 1	0.237 0.134 0.148
000334 1756391173652684 33.585938 334	343040 335 285	1024 1 1	0.197 -0.040 0.141
000335 1756391173754032 33.687286 335	344064 336 286	1024 1 1	1.198 1.001 0.195
000336 1756391173853398 33.786652 336	345088 337 287	1024 1 1	0.284 -0.914 0.240
000337 1756391173953530 33.886784 337	346112 338 288	1024 1 1	0.041 -0.243 0.240
000338 1756391174054131 33.987385 338	347136 339 289	1024 1 1	0.185 0.144 0.234
000339 1756391174154532 34.087786 339	348160 340 290	1024 1 1	0.054 -0.131 0.228
000340 1756391174255007 34.188261 340	349184 341 291	1024 1 1	0.309 0.255 0.229
000341 1756391174355432 34.288686 341	350208 342 292	1024 1 1	-0.028 -0.337 0.236
000342 1756391174456092 34.389346 342	351232 343 293	1024 1 1	0.097 0.125 0.229
000343 1756391174556491 34.489745 343	352256 344 294	1024 1 1	0.162 0.065 0.219
000344 1756391174656647 34.589901 344	353280 345 295	1024 1 1	0.061 -0.101 0.211
000345 1756391174757423 34.690677 345	354304 346 296	1024 1 1	0.162 0.101 0.205
000346 1756391174857621 34.790875 346	355328 347 297	1024 1 1	0.028 -0.134 0.200
000347 1756391174957886 34.891140 347	356352 348 298	1024 1 1	0.005 -0.023 0.189
000348 1756391175058306 34.991560 348	357376 349 299	1024 1 1	0.247 0.242 0.192
000349 1756391175159067 35.092321 349	358400 350 300	1024 1 1	-0.075 -0.322 0.200
000350 1756391175259121 35.192375 350	359424 351 301	1024 1 1	-0.267 -0.192 0.200
000351 1756391175359765 35.293019 351	360448 352 302	1024 1 1	-0.225 0.042 0.190
000352 1756391175460003 35.393257 352	361472 353 303	1024 1 1	-0.240 -0.015 0.179
000353 1756391175560317 35.493571 353	362496 354 304	1024 1 1	-0.228 0.012 0.169
000354 1756391175660474 35.593728 354	363520 355 305	1024 1 1	-0.322 -0.094 0.164
000355 1756391175760981 35.694235 355	364544 356 306	1024 1 1	-0.097 0.225 0.168
000356 1756391175861260 35.794514 356	365568 357 307	1024 1 1	-0.148 -0.051 0.161
000357 1756391175961825 35.895079 357	366592 358 308	1024 1 1	-0.139 0.009 0.151
000358 1756391176062084 35.995338 358	367616 359 309	1024 1 1	-0.057 0.082 0.147
000359 1756391176162454 36.095708 359	368640 360 310	1024 1 1	-0.127 -0.070 0.142
000360 1756391176263078 36.196332 360	369664 361 311	1024 1 1	0.147 0.274 0.150
000361 1756391176363478 36.296732 361	370688 362 312	1024 1 1	0.041 -0.106 0.147
000362 1756391176463942 36.397196 362	371712 363 313	1024 1 1	0.225 0.184 0.150
000363 1756391176564124 36.497378 363	372736 364 314	1024 1 1	0.208 -0.017 0.141
000364 1756391176664256 36.597510 364	373760 365 315	1024 1 1	0.128 -0.080 0.138
000365 1756391176764787 36.698041 365	374784 366 316	1024 1 1	0.173 0.045 0.132
000366 1756391176865201 36.798455 366	375808 367 317	1024 1 1	0.251 0.078 0.128
000367 1756391176965432 36.898686 367	376832 368 318	1024 1 1	0.231 -0.020 0.122
000368 1756391177066421 36.999675 368	377856 369 319	1024 1 1	0.312 0.081 0.119
000369 1756391177167154 37.100408 369	378880 370 320	1024 1 1	0.309 -0.003 0.112
000370 1756391177267377 37.200631 370	379904 371 321	1024 1 1	0.315 0.006 0.105
000371 1756391177368232 37.301486 371	380928 372 322	1024 1 1	0.499 0.184 0.110
000372 1756391177468130 37.401384 372	381952 373 323	1024 1 1	0.117 -0.382 0.127
000373 1756391177569058 37.502312 373	382976 374 324	1024 1 1	0.359 0.242 0.134
000374 1756391177669546 37.602800 374	384000 375 325	1024 1 1	0.253 -0.106 0.133
000375 1756391177770240 37.703494 375	385024 376 326	1024 1 1	0.334 0.081 0.129
000376 1756391177871326 37.804580 376	386048 377 327	1024 1 1	0.378 0.044 0.124
000377 1756391177971521 37.904775 377	387072 378 328	1024 1 1	0.232 -0.146 0.125
000378 1756391178071926 38.005180 378	388096 379 329	1024 1 1	0.350 0.118 0.125
000379 1756391178172547 38.105801 379	389120 380 330	1024 1 1	0.430 0.080 0.122
000380 1756391178273292 38.206546 380	390144 381 331	1024 1 1	0.511 0.081 0.120
000381 1756391178374486 38.307740 381	391168 382 332	1024 1 1	0.216 -0.295 0.131
000382 1756391178474840 38.408094 382	392192 383 333	1024 1 1	0.193 -0.023 0.124
000383 1756391178575050 38.508304 383	393216 384 334	1024 1 1	0.140 -0.053 0.119
000384 1756391178675154 38.608408 384	394240 385 335	1024 1 1	-0.068 -0.208 0.125
000385 1756391178775566 38.708820 385	395264 386 336	1024 1 1	0.007 0.075 0.122
000386 1756391178876006 38.809260 386	396288 387 337	1024 1 1	0.051 0.044 0.117
000387 1756391178976952 38.910206 387	397312 388 338	1024 1 1	0.112 0.061 0.113
000388 1756391179077342 39.010596 388	398336 389 339	1024 1 1	0.109 -0.003 0.107
000389 1756391179177850 39.111104 389	399360 390 340	1024 1 1	0.005 -0.104 0.106
000390 1756391179278294 39.211548 390	400384 391 341	1024 1 1	0.076 0.071 0.104
000391 1756391179378879 39.312133 391	401408 392 342	1024 1 1	0.356 0.280 0.115
000392 1756391179479320 39.412574 392	402432 393 343	1024 1 1	0.323 -0.033 0.110
000393 1756391179579660 39.512914 393	403456 394 344	1024 1 1	0.305 -0.018 0.104
000394 1756391179679951 39.613205 394	404480 395 345	1024 1 1	0.177 -0.128 0.106
000395 1756391179780846 39.714100 395	405504 396 346	1024 1 1	0.227 0.050 0.102
000396 1756391179881069 39.814323 396	406528 397 347	1024 1 1	0.115 -0.112 0.103
000397 1756391179981618 39.914872 397	407552 398 348	1024 1 1	0.178 0.063 0.100
000398 1756391180082035 40.015289 398	408576 399 349	1024 1 1	0.142 -0.036 0.096
000399 1756391180182552 40.115806 399	409600 400 350	1024 1 1	0.112 -0.030 0.092
000400 1756391180283024 40.216278 400	410624 401 351	1024 1 1	0.183 0.071 0.091
000401 1756391180383765 40.317019 401	411648 402 352	1024 1 1	0.215 0.032 0.087
000402 1756391180485212 40.418466 402	412672 403 353	1024 1 1	0.270 0.055 0.085
000403 1756391180585969 40.519223 403	413696 404 354	1024 1 1	0.302 0.032 0.082
000404 1756391180685983 40.619237 404	414720 405 355	1024 1 1	0.066 -0.236 0.091
000405 1756391180786258 40.719512 405	415744 406 356	1024 1 1	0.099 0.033 0.088
000406 1756391180887041 40.820295 406	416768 407 357	1024 1 1	0.186 0.087 0.088
000407 1756391180987951 40.921205 407	417792 408 358	1024 1 1	0.313 0.127 0.090
000408 1756391181088341 41.021595 408	418816 409 359	1024 1 1	0.137 -0.176 0.096
000409 1756391181188961 41.122215 409	419840 410 360	1024 1 1	0.302 0.165 0.100
000410 1756391181289488 41.222742 410	420864 411 361	1024 1 1	0.365 0.063 0.098
000411 1756391181389954 41.323208 411	421888 412 362	1024 1 1	0.373 0.008 0.092
000412 1756391181490193 41.423447 412	422912 413 363	1024 1 1	0.243 -0.130 0.094
000413 1756391181590933 41.524187 413	423936 414 364	1024 1 1	0.288 0.045 0.091
000414 1756391181691071 41.624325 414	424960 415 365	1024 1 1	0.103 -0.185 0.097
000415 1756391181791474 41.724728 415	425984 416 366	1024 1 1	0.076 -0.027 0.093
000416 1756391181891874 41.825128 416	427008 417 367	1024 1 1	0.145 0.069 0.091
000417 1756391181992897 41.926151 417	428032 418 368	1024 1 1	0.427 0.282 0.103
000418 1756391182093301 42.026555 418	429056 419 369	1024 1 1	0.413 -0.014 0.098
000419 1756391182193902 42.127156 419	430080 420 370	1024 1 1	0.354 -0.059 0.095
000420 1756391182294268 42.227522 420	431104 421 371	1024 1 1	0.350 -0.004 0.090
000421 1756391182394920 42.328174 421	432128 422 372	1024 1 1	0.358 0.008 0.084
000422 1756391182495338 42.428592 422	433152 423 373	1024 1 1	0.360 0.002 0.079
000423 1756391182595619 42.528873 423	434176 424 374	1024 1 1	0.284 -0.076 0.079
000424 1756391182696026 42.629280 424	435200 425 375	1024 1 1	0.175 -0.109 0.081
000425 1756391182796886 42.730140 425	436224 426 376	1024 1 1	0.452 0.277 0.093
000426 1756391182897252 42.830506 426	437248 427 377	1024 1 1	0.307 -0.145 0.096
000427 1756391182997910 42.931164 427	438272 428 378	1024 1 1	0.441 0.134 0.099
000428 1756391183098292 43.031546 428	439296 429 379	1024 1 1	0.319 -0.122 0.100
000429 1756391183198784 43.132038 429	440320 430 380	1024 1 1	0.351 0.032 0.096
000430 1756391183299131 43.232385 430	441344 431 381	1024 1 1	0.164 -0.187 0.102
000431 1756391183400015 43.333269 431	442368 432 382	1024 1 1	0.363 0.199 0.108
000432 1756391183501203 43.434457 432	443392 433 383	1024 1 1	0.461 0.098 0.107
000433 1756391183601417 43.534671 433	444416 434 384	1024 1 1	0.375 -0.086 0.106
000434 1756391183701612 43.634866 434	445440 435 385	1024 1 1	0.246 -0.129 0.107
000435 1756391183802477 43.735731 435	446464 436 386	1024 1 1	0.131 -0.115 0.108
000436 1756391183903308 43.836562 436	447488 437 387	1024 1 1	0.413 0.282 0.119
000437 1756391184003715 43.936969 437	448512 438 388	1024 1 1	0.076 -0.337 0.132
000438 1756391184105140 44.038394 438	449536 439 389	1024 1 1	0.274 0.198 0.136
000439 1756391184205410 44.138664 439	450560 440 390	1024 1 1	0.168 -0.106 0.134
000440 1756391184305887 44.239141 440	451584 441 391	1024 1 1	0.191 0.023 0.128
000441 1756391184406128 44.339382 441	452608 442 392	1024 1 1	0.184 -0.007 0.120
000442 1756391184507009 44.440263 442	453632 443 393	1024 1 1	0.328 0.144 0.121
000443 1756391184607373 44.540627 443	454656 444 394	1024 1 1	0.398 0.070 0.118
000444 1756391184707654 44.640908 444	455680 445 395	1024 1 1	0.348 -0.050 0.114
000445 1756391184808260 44.741514 445	456704 446 396	1024 1 1	0.329 -0.019 0.108
000446 1756391184908752 44.842006 446	457728 447 397	1024 1 1	0.328 -0.001 0.101
000447 1756391185009248 44.942502 447	458752 448 398	1024 1 1	0.363 0.035 0.097
000448 1756391185109521 45.042775 448	459776 449 399	1024 1 1	0.233 -0.130 0.099
000449 1756391185211924 45.145178 449	460800 450 400	1024 1 1	1.979 1.746 0.202
000450 1756391185311419 45.244673 450	461824 451 401	1024 1 1	0.686 -1.293 0.270
000451 1756391185411474 45.344728 451	462848 452 402	1024 1 1	0.406 -0.280 0.271
000452 1756391185512061 45.445315 452	463872 453 403	1024 1 1	0.574 0.168 0.265
000453 1756391185613197 45.546451 453	464896 454 404	1024 1 1	0.427 -0.147 0.257
000454 1756391185713706 45.646960 454	465920 455 405	1024 1 1	0.204 -0.223 0.255
000455 1756391185814292 45.747546 455	466944 456 406	1024 1 1	0.381 0.177 0.250
000456 1756391185915303 45.848557 456	467968 457 407	1024 1 1	0.411 0.030 0.236
000457 1756391186015847 45.949101 457	468992 458 408	1024 1 1	0.428 0.017 0.223
000458 1756391186116350 46.049604 458	470016 459 409	1024 1 1	0.351 -0.077 0.214
000459 1756391186216893 46.150147 459	471040 460 410	1024 1 1	0.349 -0.002 0.200
000460 1756391186317268 46.250522 460	472064 461 411	1024 1 1	0.284 -0.065 0.192
000461 1756391186417838 46.351092 461	473088 462 412	1024 1 1	0.505 0.221 0.194
000462 1756391186518217 46.451471 462	474112 463 413	1024 1 1	0.330 -0.175 0.193
000463 1756391186619070 46.552324 463	475136 464 414	1024 1 1	0.343 0.013 0.181
000464 1756391186719362 46.652616 464	476160 465 415	1024 1 1	0.070 -0.273 0.187
000465 1756391186819971 46.753225 465	477184 466 416	1024 1 1	0.337 0.267 0.192
000466 1756391186920340 46.853594 466	478208 467 417	1024 1 1	0.336 -0.001 0.180
000467 1756391187020974 46.954228 467	479232 468 418	1024 1 1	0.222 -0.114 0.176
000468 1756391187121314 47.054568 468	480256 469 419	1024 1 1	0.277 0.055 0.168
000469 1756391187221666 47.154920 469	481280 470 420	1024 1 1	0.187 -0.090 0.164
000470 1756391187321955 47.255209 470	482304 471 421	1024 1 1	0.113 -0.074 0.158
000471 1756391187424375 47.357629 471	483328 472 422	1024 1 1	0.463 0.350 0.170
000472 1756391187524517 47.457771 472	484352 473 423	1024 1 1	0.272 -0.191 0.171
000473 1756391187625088 47.558342 473	485376 474 424	1024 1 1	0.403 0.131 0.169
000474 1756391187725141 47.658395 474	486400 475 425	1024 1 1	0.181 -0.222 0.172
000475 1756391187825926 47.759180 475	487424 476 426	1024 1 1	0.459 0.278 0.179
000476 1756391187926486 47.859740 476	488448 477 427	1024 1 1	0.555 0.096 0.174
000477 1756391188026673 47.959927 477	489472 478 428	1024 1 1	0.206 -0.349 0.184
000478 1756391188126920 48.060174 478	490496 479 429	1024 1 1	0.062 -0.144 0.182
000479 1756391188227214 48.160468 479	491520 480 430	1024 1 1	-0.081 -0.143 0.180
000480 1756391188328147 48.261401 480	492544 481 431	1024 1 1	0.144 0.225 0.182
000481 1756391188429165 48.362419 481	493568 482 432	1024 1 1	0.232 0.088 0.176
000482 1756391188529329 48.462583 482	494592 483 433	1024 1 1	0.090 -0.142 0.174
000483 1756391188629927 48.563181 483	495616 484 434	1024 1 1	0.309 0.219 0.177
000484 1756391188730364 48.663618 484	496640 485 435	1024 1 1	0.279 -0.030 0.168
000485 1756391188830718 48.763972 485	497664 486 436	1024 1 1	0.204 -0.075 0.162
000486 1756391188931335 48.864589 486	498688 487 437	1024 1 1	0.409 0.205 0.165
000487 1756391189031868 48.965122 487	499712 488 438	1024 1 1	0.351 -0.058 0.158
000488 1756391189132432 49.065686 488	500736 489 439	1024 1 1	0.453 0.102 0.155
000489 1756391189232594 49.165848 489	501760 490 440	1024 1 1	0.200 -0.253 0.161
000490 1756391189333259 49.266513 490	502784 491 441	1024 1 1	0.359 0.159 0.161
000491 1756391189434221 49.367475 491	503808 492 442	1024 1 1	0.352 -0.007 0.151
000492 1756391189534681 49.467935 492	504832 493 443	1024 1 1	0.316 -0.036 0.144
000493 1756391189635143 49.568397 493	505856 494 444	1024 1 1	0.439 0.123 0.143
000494 1756391189736112 49.669366 494	506880 495 445	1024 1 1	0.404 -0.035 0.136
000495 1756391189836289 49.769543 495	507904 496 446	1024 1 1	0.277 -0.127 0.135
000496 1756391189937345 49.870599 496	508928 497 447	1024 1 1	0.370 0.093 0.133
000497 1756391190038135 49.971389 497	509952 498 448	1024 1 1	0.389 0.019 0.126
000498 1756391190138446 50.071700 498	510976 499 449	1024 1 1	0.451 0.062 0.122
000499 1756391190238668 50.171922 499	512000 500 450	1024 1 1	0.230 -0.221 0.128
000500 1756391190339136 50.272390 500	513024 501 451	1024 1 1	0.159 -0.071 0.124
000501 1756391190439932 50.373186 501	514048 502 452	1024 1 1	0.202 0.043 0.119
000502 1756391190541154 50.474408 502	515072 503 453	1024 1 1	0.401 0.199 0.124
000503 1756391190642069 50.575323 503	516096 504 454	1024 1 1	0.927 0.526 0.149
000504 1756391190741724 50.674978 504	517120 505 455	1024 1 1	0.159 -0.768 0.188
000505 1756391190842375 50.775629 505	518144 506 456	1024 1 1	0.382 0.223 0.190
000506 1756391190943301 50.876555 506	519168 507 457	1024 1 1	0.253 -0.129 0.186
000507 1756391191044215 50.977469 507	520192 508 458	1024 1 1	0.293 0.040 0.177
000508 1756391191144788 51.078042 508	521216 509 459	1024 1 1	0.317 0.024 0.168
000509 1756391191245749 51.179003 509	522240 510 460	1024 1 1	0.807 0.490 0.188
000510 1756391191345561 51.278815 510	523264 511 461	1024 1 1	0.284 -0.523 0.209
000511 1756391191445840 51.379094 511	524288 512 462	1024 1 1	0.251 -0.033 0.198
000512 1756391191546285 51.479539 512	525312 513 463	1024 1 1	0.316 0.065 0.189
000513 1756391191647089 51.580343 513	526336 514 464	1024 1 1	0.459 0.143 0.187
000514 1756391191747261 51.680515 514	527360 515 465	1024 1 1	0.126 -0.333 0.196
000515 1756391191847914 51.781168 515	528384 516 466	1024 1 1	0.291 0.165 0.194
000516 1756391191948917 51.882171 516	529408 517 467	1024 1 1	0.186 -0.105 0.188
000517 1756391192049278 51.982532 517	530432 518 468	1024 1 1	0.278 0.092 0.182
000518 1756391192149553 52.082807 518	531456 519 469	1024 1 1	0.114 -0.164 0.181
000519 1756391192250547 52.183801 519	532480 520 470	1024 1 1	0.351 0.237 0.185
000520 1756391192350738 52.283992 520	533504 521 471	1024 1 1	0.071 -0.280 0.191
000521 1756391192451058 52.384312 521	534528 522 472	1024 1 1	0.094 0.023 0.180
000522 1756391192551482 52.484736 522	535552 523 473	1024 1 1	-0.002 -0.096 0.175
000523 1756391192651728 52.584982 523	536576 524 474	1024 1 1	-0.109 -0.107 0.171
000524 1756391192752564 52.685818 524	537600 525 475	1024 1 1	0.366 0.475 0.190
000525 1756391192852921 52.786175 525	538624 526 476	1024 1 1	0.097 -0.269 0.195
000526 1756391192954164 52.887418 526	539648 527 477	1024 1 1	0.188 0.091 0.188
000527 1756391193054981 52.988235 527	540672 528 478	1024 1 1	0.336 0.148 0.186
000528 1756391193155419 53.088673 528	541696 529 479	1024 1 1	0.342 0.006 0.174
000529 1756391193255772 53.189026 529	542720 530 480	1024 1 1	0.172 -0.170 0.174
000530 1756391193356323 53.289577 530	543744 531 481	1024 1 1	0.278 0.106 0.170
000531 1756391193456518 53.389772 531	544768 532 482	1024 1 1	0.095 -0.183 0.171
000532 1756391193557060 53.490314 532	545792 533 483	1024 1 1	0.065 -0.030 0.162
000533 1756391193657789 53.591043 533	546816 534 484	1024 1 1	-0.056 -0.121 0.159
000534 1756391193758240 53.691494 534	547840 535 485	1024 1 1	0.179 0.235 0.164
000535 1756391193858684 53.791938 535	548864 536 486	1024 1 1	0.172 -0.007 0.154
000536 1756391193959002 53.892256 536	549888 537 487	1024 1 1	0.102 -0.070 0.149
000537 1756391194059998 53.993252 537	550912 538 488	1024 1 1	0.244 0.142 0.149
000538 1756391194160539 54.093793 538	551936 539 489	1024 1 1	0.074 -0.170 0.150
000539 1756391194261145 54.194399 539	552960 540 490	1024 1 1	0.201 0.127 0.148
000540 1756391194361500 54.294754 540	553984 541 491	1024 1 1	0.174 -0.027 0.141
000541 1756391194461940 54.395194 541	555008 542 492	1024 1 1	0.251 0.077 0.137
000542 1756391194562146 54.495400 542	556032 543 493	1024 1 1	0.206 -0.045 0.131
000543 1756391194663211 54.596465 543	557056 544 494	1024 1 1	0.253 0.047 0.126
000544 1756391194763658 54.696912 544	558080 545 495	1024 1 1	0.238 -0.015 0.119
000545 1756391194864290 54.797544 545	559104 546 496	1024 1 1	0.321 0.083 0.117
000546 1756391194964742 54.897996 546	560128 547 497	1024 1 1	0.103 -0.218 0.123
000547 1756391195065143 54.998397 547	561152 548 498	1024 1 1	0.177 0.074 0.120
000548 1756391195165470 55.098724 548	562176 549 499	1024 1 1	0.010 -0.167 0.123
000549 1756391195266047 55.199301 549	563200 550 500	1024 1 1	0.371 0.361 0.138
000550 1756391195366480 55.299734 550	564224 551 501	1024 1 1	0.439 0.068 0.133
000551 1756391195466558 55.399812 551	565248 552 502	1024 1 1	0.196 -0.243 0.140
000552 1756391195567324 55.500578 552	566272 553 503	1024 1 1	0.216 0.020 0.133
000553 1756391195667710 55.600964 553	567296 554 504	1024 1 1	0.162 -0.054 0.128
000554 1756391195768452 55.701706 554	568320 555 505	1024 1 1	0.450 0.288 0.138
000555 1756391195869172 55.802426 555	569344 556 506	1024 1 1	0.260 -0.190 0.141
000556 1756391195970000 55.903254 556	570368 557 507	1024 1 1	0.418 0.158 0.142
000557 1756391196070415 56.003669 557	571392 558 508	1024 1 1	0.333 -0.085 0.139
000558 1756391196170636 56.103890 558	572416 559 509	1024 1 1	0.310 -0.023 0.131
000559 1756391196271059 56.204313 559	573440 560 510	1024 1 1	0.292 -0.018 0.124
000560 1756391196371285 56.304539 560	574464 561 511	1024 1 1	0.274 -0.018 0.118
000561 1756391196471696 56.404950 561	575488 562 512	1024 1 1	0.231 -0.043 0.113
000562 1756391196572160 56.505414 562	576512 563 513	1024 1 1	0.202 -0.029 0.108
000563 1756391196672389 56.605643 563	577536 564 514	1024 1 1	0.075 -0.127 0.109
000564 1756391196772621 56.705875 564	578560 565 515	1024 1 1	-0.102 -0.177 0.113
000565 1756391196873891 56.807145 565	579584 566 516	1024 1 1	0.370 0.472 0.136
000566 1756391196974074 56.907328 566	580608 567 517	1024 1 1	0.166 -0.204 0.140
000567 1756391197075166 57.008420 567	581632 568 518	1024 1 1	0.213 0.047 0.134
000568 1756391197175537 57.108791 568	582656 569 519	1024 1 1	0.185 -0.028 0.127
000569 1756391197275894 57.209148 569	583680 570 520	1024 1 1	-0.004 -0.189 0.131
000570 1756391197376750 57.310004 570	584704 571 521	1024 1 1	0.299 0.303 0.142
000571 1756391197477098 57.410352 571	585728 572 522	1024 1 1	0.246 -0.053 0.136
000572 1756391197577356 57.510610 572	586752 573 523	1024 1 1	0.235 -0.011 0.129
000573 1756391197678048 57.611302 573	587776 574 524	1024 1 1	0.104 -0.131 0.129
000574 1756391197778675 57.711929 574	588800 575 525	1024 1 1	0.179 0.075 0.125
000575 1756391197879127 57.812381 575	589824 576 526	1024 1 1	0.207 0.028 0.119
000576 1756391197979592 57.912846 576	590848 577 527	1024 1 1	0.284 0.077 0.117
000577 1756391198080011 58.013265 577	591872 578 528	1024 1 1	0.186 -0.098 0.116
000578 1756391198180892 58.114146 578	592896 579 529	1024 1 1	0.037 -0.149 0.118
000579 1756391198281052 58.214306 579	593920 580 530	1024 1 1	0.008 -0.029 0.112
000580 1756391198382066 58.315320 580	594944 581 531	1024 1 1	0.473 0.465 0.134
000581 1756391198482192 58.415446 581	595968 582 532	1024 1 1	0.178 -0.295 0.144
000582 1756391198583077 58.516331 582	596992 583 533	1024 1 1	0.311 0.133 0.143
000583 1756391198683513 58.616767 583	598016 584 534	1024 1 1	0.005 -0.306 0.154
000584 1756391198784137 58.717391 584	599040 585 535	1024 1 1	0.203 0.198 0.156
000585 1756391198885147 58.818401 585	600064 586 536	1024 1 1	0.190 -0.013 0.147
000586 1756391198986079 58.919333 586	601088 587 537	1024 1 1	0.301 0.111 0.145
000587 1756391199086369 59.019623 587	602112 588 538	1024 1 1	0.140 -0.161 0.146
000588 1756391199187056 59.120310 588	603136 589 539	1024 1 1	0.315 0.175 0.148
000589 1756391199287962 59.221216 589	604160 590 540	1024 1 1	0.366 0.051 0.142
000590 1756391199388084 59.321338 590	605184 591 541	1024 1 1	0.230 -0.136 0.142
000591 1756391199488290 59.421544 591	606208 592 542	1024 1 1	0.062 -0.168 0.143
000592 1756391199588741 59.521995 592	607232 593 543	1024 1 1	0.126 0.064 0.138
000593 1756391199689214 59.622468 593	608256 594 544	1024 1 1	0.061 -0.065 0.134
000594 1756391199789758 59.723012 594	609280 595 545	1024 1 1	0.148 0.087 0.131
000595 1756391199890103 59.823357 595	610304 596 546	1024 1 1	0.053 -0.095 0.129
000596 1756391199990613 59.923867 596	611328 597 547	1024 1 1	0.084 0.031 0.122
