AbsTime RelTime SeqNumber	AbsBytes AbsPackets AbsFrames	RelBytes RelPackets RelFrames	Delay PrevPacketDelayDiff Jitter
000001 1756390114161127 0.090151 1	8192 2 0	4096 1 0	1.552 -0.705 0.176
000002 1756390114261587 0.190611 2	12288 3 0	4096 1 0	1.681 0.129 0.173
000003 1756390114362675 0.291699 3	16384 4 0	4096 1 0	1.865 0.184 0.174
000004 1756390114462770 0.391794 4	20480 5 0	4096 1 0	1.610 -0.255 0.179
000005 1756390114563105 0.492129 5	24576 6 0	4096 1 0	1.673 0.063 0.172
000006 1756390114663414 0.592438 6	28672 7 0	4096 1 0	1.339 -0.334 0.182
000007 1756390114764413 0.693437 7	32768 8 0	4096 1 0	1.743 0.404 0.196
000008 1756390114864991 0.794015 8	36864 9 0	4096 1 0	1.682 -0.061 0.187
000009 1756390114965072 0.894096 9	40960 10 0	4096 1 0	1.393 -0.289 0.194
000010 1756390115065769 0.994793 10	45056 11 0	4096 1 0	1.429 0.036 0.184
000011 1756390115166097 1.095121 11	49152 12 0	4096 1 0	1.214 -0.215 0.186
000012 1756390115266418 1.195442 12	53248 13 0	4096 1 0	1.189 -0.025 0.176
000013 1756390115366782 1.295806 13	57344 14 0	4096 1 0	1.208 0.019 0.166
000014 1756390115467203 1.396227 14	61440 15 0	4096 1 0	1.367 0.159 0.166
000015 1756390115567417 1.496441 15	65536 16 0	4096 1 0	1.228 -0.139 0.164
000016 1756390115667582 1.596606 16	69632 17 0	4096 1 0	1.061 -0.167 0.164
000017 1756390115768058 1.697082 17	73728 18 0	4096 1 0	1.195 0.134 0.162
000018 1756390115868469 1.797493 18	77824 19 0	4096 1 0	1.233 0.038 0.154
000019 1756390115969312 1.898336 19	81920 20 0	4096 1 0	1.594 0.361 0.167
000020 1756390116069745 1.998769 20	86016 21 0	4096 1 0	1.503 -0.091 0.163
000021 1756390116170256 2.099280 21	90112 22 0	4096 1 0	1.628 0.125 0.160
000022 1756390116270308 2.199332 22	94208 23 0	4096 1 0	1.434 -0.194 0.162
000023 1756390116370458 2.299482 23	98304 24 0	4096 1 0	1.271 -0.163 0.162
000024 1756390116470862 2.399886 24	102400 25 0	4096 1 0	1.364 0.093 0.158
000025 1756390116571115 2.500139 25	106496 26 0	4096 1 0	1.278 -0.086 0.154
000026 1756390116671352 2.600376 26	110592 27 0	4096 1 0	1.132 -0.146 0.153
000027 1756390116772502 2.701526 27	114688 28 0	4096 1 0	1.556 0.424 0.170
000028 1756390116873546 2.802570 28	118784 29 0	4096 1 0	1.711 0.155 0.169
000029 1756390116974427 2.903451 29	122880 30 0	4096 1 0	1.800 0.089 0.164
000030 1756390117074494 3.003518 30	126976 31 0	4096 1 0	1.566 -0.234 0.168
000031 1756390117175537 3.104561 31	131072 32 0	4096 1 0	1.833 0.267 0.175
000032 1756390117275777 3.204801 32	135168 33 0	4096 1 0	1.574 -0.259 0.180
000033 1756390117376365 3.305389 33	139264 34 0	4096 1 0	1.836 0.262 0.185
000034 1756390117476370 3.405394 34	143360 35 0	4096 1 0	1.431 -0.405 0.199
000035 1756390117577020 3.506044 35	147456 36 0	4096 1 0	1.660 0.229 0.201
000036 1756390117677223 3.606247 36	151552 37 0	4096 1 0	1.320 -0.340 0.209
000037 1756390117778272 3.707296 37	155648 38 0	4096 1 0	1.968 0.648 0.237
000038 1756390117878346 3.807370 38	159744 39 0	4096 1 0	1.667 -0.301 0.241
000039 1756390117978553 3.907577 39	163840 40 0	4096 1 0	1.252 -0.415 0.252
000040 1756390118079292 4.008316 40	167936 41 0	4096 1 0	1.419 0.167 0.246
000041 1756390118179301 4.108325 41	172032 42 0	4096 1 0	1.147 -0.272 0.248
000042 1756390118280067 4.209091 42	176128 43 0	4096 1 0	1.587 0.440 0.260
000043 1756390118380547 4.309571 43	180224 44 0	4096 1 0	1.436 -0.151 0.253
000044 1756390118480989 4.410013 44	184320 45 0	4096 1 0	1.494 0.058 0.241
000045 1756390118581497 4.510521 45	188416 46 0	4096 1 0	1.289 -0.205 0.239
000046 1756390118682012 4.611036 46	192512 47 0	4096 1 0	1.312 0.023 0.225
000047 1756390118782537 4.711561 47	196608 48 0	4096 1 0	1.376 0.064 0.215
000048 1756390118883048 4.812072 48	200704 49 0	4096 1 0	1.465 0.089 0.207
000049 1756390118984730 4.913754 49	204800 50 0	4096 1 0	2.377 0.912 0.251
000050 1756390119084086 5.013110 50	208896 51 1	4096 1 1	1.411 -0.966 0.296
000051 1756390119184265 5.113289 51	212992 52 2	4096 1 1	1.123 -0.288 0.295
000052 1756390119284787 5.213811 52	217088 53 3	4096 1 1	1.298 0.175 0.288
000053 1756390119385444 5.314468 53	221184 54 4	4096 1 1	1.546 0.248 0.285
000054 1756390119485553 5.414577 54	225280 55 5	4096 1 1	1.175 -0.371 0.291
000055 1756390119586152 5.515176 55	229376 56 6	4096 1 1	1.452 0.277 0.290
000056 1756390119686010 5.615034 56	233472 57 7	4096 1 1	0.947 -0.505 0.303
000057 1756390119787071 5.716095 57	237568 58 8	4096 1 1	1.335 0.388 0.309
000058 1756390119887378 5.816402 58	241664 59 9	4096 1 1	1.266 -0.069 0.294
000059 1756390119987534 5.916558 59	245760 60 10	4096 1 1	1.091 -0.175 0.286
000060 1756390120088011 6.017035 60	249856 61 11	4096 1 1	1.261 0.170 0.279
000061 1756390120188310 6.117334 61	253952 62 12	4096 1 1	1.193 -0.068 0.266
000062 1756390120288981 6.218005 62	258048 63 13	4096 1 1	1.527 0.334 0.270
000063 1756390120389326 6.318350 63	262144 64 14	4096 1 1	1.557 0.030 0.255
000064 1756390120489680 6.418704 64	266240 65 15	4096 1 1	1.471 -0.086 0.245
000065 1756390120590146 6.519170 65	270336 66 16	4096 1 1	1.493 0.022 0.231
000066 1756390120690516 6.619540 66	274432 67 17	4096 1 1	1.530 0.037 0.219
000067 1756390120791165 6.720189 67	278528 68 18	4096 1 1	1.869 0.339 0.226
000068 1756390120891084 6.820108 68	282624 69 19	4096 1 1	1.333 -0.536 0.245
000069 1756390120991521 6.920545 69	286720 70 20	4096 1 1	1.350 0.017 0.231
000070 1756390121091954 7.020978 70	290816 71 21	4096 1 1	1.303 -0.047 0.220
000071 1756390121192397 7.121421 71	294912 72 22	4096 1 1	1.204 -0.099 0.212
000072 1756390121292833 7.221857 72	299008 73 23	4096 1 1	1.310 0.106 0.205
000073 1756390121393075 7.322099 73	303104 74 24	4096 1 1	1.254 -0.056 0.196
000074 1756390121493922 7.422946 74	307200 75 25	4096 1 1	1.660 0.406 0.209
000075 1756390121594188 7.523212 75	311296 76 26	4096 1 1	1.583 -0.077 0.201
000076 1756390121694299 7.623323 76	315392 77 27	4096 1 1	1.436 -0.147 0.198
000077 1756390121795098 7.724122 77	319488 78 28	4096 1 1	1.955 0.519 0.218
000078 1756390121895127 7.824151 78	323584 79 29	4096 1 1	1.598 -0.357 0.226
000079 1756390121995492 7.924516 79	327680 80 30	4096 1 1	1.578 -0.020 0.213
000080 1756390122095561 8.024585 80	331776 81 31	4096 1 1	1.285 -0.293 0.218
000081 1756390122196435 8.125459 81	335872 82 32	4096 1 1	1.668 0.383 0.229
000082 1756390122297454 8.226478 82	339968 83 33	4096 1 1	2.231 0.563 0.250
000083 1756390122398681 8.327705 83	344064 84 34	4096 1 1	1.907 -0.324 0.254
000084 1756390122499249 8.428273 84	348160 85 35	4096 1 1	1.841 -0.066 0.243
000085 1756390122599568 8.528592 85	352256 86 36	4096 1 1	1.895 0.054 0.231
000086 1756390122700285 8.629309 86	356352 87 37	4096 1 1	2.107 0.212 0.230
000087 1756390122800756 8.729780 87	360448 88 38	4096 1 1	1.999 -0.108 0.222
000088 1756390122901220 8.830244 88	364544 89 39	4096 1 1	1.835 -0.164 0.218
000089 1756390123001454 8.930478 89	368640 90 40	4096 1 1	1.632 -0.203 0.217
000090 1756390123101876 9.030900 90	372736 91 41	4096 1 1	1.702 0.070 0.208
000091 1756390123202043 9.131067 91	376832 92 42	4096 1 1	1.541 -0.161 0.205
000092 1756390123302161 9.231185 92	380928 93 43	4096 1 1	1.294 -0.247 0.208
000093 1756390123403301 9.332325 93	385024 94 44	4096 1 1	1.829 0.535 0.228
000094 1756390123503206 9.432230 94	389120 95 45	4096 1 1	1.401 -0.428 0.241
000095 1756390123603927 9.532951 95	393216 96 46	4096 1 1	1.445 0.044 0.228
000096 1756390123705422 9.634446 96	397312 97 47	4096 1 1	2.276 0.831 0.266
000097 1756390123805480 9.734504 97	401408 98 48	4096 1 1	1.609 -0.667 0.291
000098 1756390123906243 9.835267 98	405504 99 49	4096 1 1	1.607 -0.002 0.273
000099 1756390124006429 9.935453 99	409600 100 50	4096 1 1	1.513 -0.094 0.262
