AbsTime RelTime SeqNumber	AbsBytes AbsPackets AbsFrames	RelBytes RelPackets RelFrames	Delay PrevPacketDelayDiff Jitter
000001 1756390115063003 0.992027 1	1024 2 0	512 1 0	1.633 0.000 0.096
000002 1756390116064998 1.994022 2	1536 3 0	512 1 0	1.712 0.079 0.095
000003 1756390117066236 2.995260 3	2048 4 0	512 1 0	1.782 0.070 0.093
000004 1756390118067488 3.996512 4	2560 5 0	512 1 0	1.458 -0.324 0.108
000005 1756390119068983 4.998007 5	3072 6 1	512 1 1	1.613 0.155 0.110
000006 1756390120070238 5.999262 6	3584 7 2	512 1 1	1.409 -0.204 0.116
000007 1756390121072480 7.001504 7	4096 8 3	512 1 1	2.010 0.601 0.147
000008 1756390122072403 8.001427 8	4608 9 4	512 1 1	1.477 -0.533 0.171
000009 1756390123074044 9.003068 9	5120 10 5	512 1 1	1.539 0.062 0.164
