AbsTime RelTime SeqNumber	AbsBytes AbsPackets AbsFrames	RelBytes RelPackets RelFrames	Delay PrevPacketDelayDiff Jitter
000001 1756390114161127 0.090151 1	8192 2 0	4096 1 0	1.253 -0.876 0.179
000002 1756390114261686 0.190710 2	12288 3 0	4096 1 0	1.414 0.161 0.178
000003 1756390114362675 0.291699 3	16384 4 0	4096 1 0	2.059 0.645 0.208
000004 1756390114462717 0.391741 4	20480 5 0	4096 1 0	1.600 -0.459 0.223
000005 1756390114563447 0.492471 5	24576 6 0	4096 1 0	1.872 0.272 0.226
000006 1756390114663414 0.592438 6	28672 7 0	4096 1 0	1.471 -0.401 0.237
000007 1756390114764272 0.693296 7	32768 8 0	4096 1 0	1.744 0.273 0.239
000008 1756390114865071 0.794095 8	36864 9 0	4096 1 0	1.696 -0.048 0.227
000009 1756390114965145 0.894169 9	40960 10 0	4096 1 0	1.444 -0.252 0.229
000010 1756390115065695 0.994719 10	45056 11 0	4096 1 0	1.526 0.082 0.220
000011 1756390115166169 1.095193 11	49152 12 0	4096 1 0	1.276 -0.250 0.222
000012 1756390115266491 1.195515 12	53248 13 0	4096 1 0	1.121 -0.155 0.218
000013 1756390115367052 1.296076 13	57344 14 0	4096 1 0	1.386 0.265 0.220
000014 1756390115467825 1.396849 14	61440 15 0	4096 1 0	1.285 -0.101 0.213
000015 1756390115568045 1.497069 15	65536 16 0	4096 1 0	1.211 -0.074 0.204
000016 1756390115668016 1.597040 16	69632 17 0	4096 1 0	0.966 -0.245 0.207
000017 1756390115768647 1.697671 17	73728 18 0	4096 1 0	1.224 0.258 0.210
000018 1756390115869046 1.798070 18	77824 19 0	4096 1 0	1.222 -0.002 0.197
000019 1756390115969514 1.898538 19	81920 20 0	4096 1 0	1.243 0.021 0.186
000020 1756390116070344 1.999368 20	86016 21 0	4096 1 0	1.620 0.377 0.198
000021 1756390116170937 2.099961 21	90112 22 0	4096 1 0	1.618 -0.002 0.186
000022 1756390116271492 2.200516 22	94208 23 0	4096 1 0	1.643 0.025 0.176
000023 1756390116371531 2.300555 23	98304 24 0	4096 1 0	1.317 -0.326 0.185
000024 1756390116472007 2.401031 24	102400 25 0	4096 1 0	1.450 0.133 0.182
000025 1756390116572220 2.501244 25	106496 26 0	4096 1 0	1.375 -0.075 0.175
000026 1756390116672548 2.601572 26	110592 27 0	4096 1 0	1.336 -0.039 0.167
000027 1756390116773439 2.702463 27	114688 28 0	4096 1 0	1.669 0.333 0.177
000028 1756390116874235 2.803259 28	118784 29 0	4096 1 0	1.786 0.117 0.173
000029 1756390116974985 2.904009 29	122880 30 0	4096 1 0	1.462 -0.324 0.183
000030 1756390117075782 3.004806 30	126976 31 0	4096 1 0	1.919 0.457 0.200
000031 1756390117175762 3.104786 31	131072 32 0	4096 1 0	1.435 -0.484 0.218
000032 1756390117276949 3.205973 32	135168 33 0	4096 1 0	1.550 0.115 0.211
000033 1756390117377673 3.306697 33	139264 34 0	4096 1 0	1.755 0.205 0.211
000034 1756390117477920 3.406944 34	143360 35 0	4096 1 0	1.585 -0.170 0.208
000035 1756390117578437 3.507461 35	147456 36 0	4096 1 0	1.297 -0.288 0.213
000036 1756390117679203 3.608227 36	151552 37 0	4096 1 0	1.215 -0.082 0.205
000037 1756390117780357 3.709381 37	155648 38 0	4096 1 0	1.661 0.446 0.220
000038 1756390117880707 3.809731 38	159744 39 0	4096 1 0	1.481 -0.180 0.218
000039 1756390117980880 3.909904 39	163840 40 0	4096 1 0	1.282 -0.199 0.216
000040 1756390118081432 4.010456 40	167936 41 0	4096 1 0	1.319 0.037 0.205
000041 1756390118181689 4.110713 41	172032 42 0	4096 1 0	1.235 -0.084 0.198
000042 1756390118282359 4.211383 42	176128 43 0	4096 1 0	1.606 0.371 0.208
000043 1756390118382875 4.311899 43	180224 44 0	4096 1 0	1.510 -0.096 0.201
000044 1756390118483252 4.412276 44	184320 45 0	4096 1 0	1.457 -0.053 0.192
000045 1756390118583821 4.512845 45	188416 46 0	4096 1 0	1.405 -0.052 0.183
000046 1756390118684233 4.613257 46	192512 47 0	4096 1 0	1.314 -0.091 0.178
000047 1756390118784927 4.713951 47	196608 48 0	4096 1 0	1.489 0.175 0.177
000048 1756390118885535 4.814559 48	200704 49 0	4096 1 0	1.573 0.084 0.172
000049 1756390118985782 4.914806 49	204800 50 0	4096 1 0	1.310 -0.263 0.177
000050 1756390119085991 5.015015 50	208896 51 1	4096 1 1	1.233 -0.077 0.171
000051 1756390119186756 5.115780 51	212992 52 2	4096 1 1	1.400 0.167 0.171
000052 1756390119287193 5.216217 52	217088 53 3	4096 1 1	1.344 -0.056 0.164
000053 1756390119388205 5.317229 53	221184 54 4	4096 1 1	1.614 0.270 0.170
000054 1756390119488305 5.417329 54	225280 55 5	4096 1 1	1.415 -0.199 0.172
000055 1756390119588729 5.517753 55	229376 56 6	4096 1 1	1.365 -0.050 0.164
000056 1756390119689474 5.618498 56	233472 57 7	4096 1 1	1.216 -0.149 0.163
000057 1756390119790154 5.719178 57	237568 58 8	4096 1 1	1.124 -0.092 0.159
000058 1756390119890582 5.819606 58	241664 59 9	4096 1 1	1.223 0.099 0.155
000059 1756390119991031 5.920055 59	245760 60 10	4096 1 1	1.289 0.066 0.150
000060 1756390120091313 6.020337 60	249856 61 11	4096 1 1	1.159 -0.130 0.148
000061 1756390120191751 6.120775 61	253952 62 12	4096 1 1	1.230 0.071 0.144
000062 1756390120292332 6.221356 62	258048 63 13	4096 1 1	1.378 0.148 0.144
000063 1756390120393079 6.322103 63	262144 64 14	4096 1 1	1.732 0.354 0.157
000064 1756390120493210 6.422234 64	266240 65 15	4096 1 1	1.476 -0.256 0.163
000065 1756390120593600 6.522624 65	270336 66 16	4096 1 1	1.264 -0.212 0.166
000066 1756390120694109 6.623133 66	274432 67 17	4096 1 1	1.436 0.172 0.167
000067 1756390120794501 6.723525 67	278528 68 18	4096 1 1	1.546 0.110 0.163
000068 1756390120895014 6.824038 68	282624 69 19	4096 1 1	1.475 -0.071 0.157
000069 1756390120995724 6.924748 69	286720 70 20	4096 1 1	1.543 0.068 0.152
000070 1756390121096065 7.025089 70	290816 71 21	4096 1 1	1.371 -0.172 0.153
000071 1756390121196378 7.125402 71	294912 72 22	4096 1 1	1.378 0.007 0.144
000072 1756390121296513 7.225537 72	299008 73 23	4096 1 1	1.132 -0.246 0.150
000073 1756390121397047 7.326071 73	303104 74 24	4096 1 1	1.292 0.160 0.151
000074 1756390121497570 7.426594 74	307200 75 25	4096 1 1	1.313 0.021 0.143
000075 1756390121598317 7.527341 75	311296 76 26	4096 1 1	1.520 0.207 0.147
000076 1756390121698607 7.627631 76	315392 77 27	4096 1 1	1.330 -0.190 0.149
000077 1756390121799789 7.728813 77	319488 78 28	4096 1 1	1.779 0.449 0.168
000078 1756390121899782 7.828806 78	323584 79 29	4096 1 1	1.428 -0.351 0.180
000079 1756390122000053 7.929077 79	327680 80 30	4096 1 1	1.327 -0.101 0.175
000080 1756390122100725 8.029749 80	331776 81 31	4096 1 1	1.292 -0.035 0.166
000081 1756390122201264 8.130288 81	335872 82 32	4096 1 1	1.355 0.063 0.160
000082 1756390122302064 8.231088 82	339968 83 33	4096 1 1	1.318 -0.037 0.152
000083 1756390122403337 8.332361 83	344064 84 34	4096 1 1	1.420 0.102 0.149
000084 1756390122503555 8.432579 84	348160 85 35	4096 1 1	1.257 -0.163 0.150
000085 1756390122604201 8.533225 85	352256 86 36	4096 1 1	1.539 0.282 0.158
000086 1756390122704491 8.633515 86	356352 87 37	4096 1 1	1.502 -0.037 0.150
000087 1756390122805029 8.734053 87	360448 88 38	4096 1 1	1.628 0.126 0.149
000088 1756390122905692 8.834716 88	364544 89 39	4096 1 1	1.925 0.297 0.158
000089 1756390123006277 8.935301 89	368640 90 40	4096 1 1	1.648 -0.277 0.166
000090 1756390123107002 9.036026 90	372736 91 41	4096 1 1	1.561 -0.087 0.161
000091 1756390123208050 9.137074 91	376832 92 42	4096 1 1	1.859 0.298 0.169
000092 1756390123308446 9.237470 92	380928 93 43	4096 1 1	1.631 -0.228 0.173
000093 1756390123409436 9.338460 93	385024 94 44	4096 1 1	1.762 0.131 0.170
000094 1756390123510011 9.439035 94	389120 95 45	4096 1 1	1.562 -0.200 0.172
000095 1756390123610562 9.539586 95	393216 96 46	4096 1 1	1.644 0.082 0.166
000096 1756390123711390 9.640414 96	397312 97 47	4096 1 1	1.621 -0.023 0.158
000097 1756390123811602 9.740626 97	401408 98 48	4096 1 1	1.276 -0.345 0.169
000098 1756390123913478 9.842502 98	405504 99 49	4096 1 1	1.499 0.223 0.173
000099 1756390124014317 9.943341 99	409600 100 50	4096 1 1	1.450 -0.049 0.165
