AbsTime RelTime SeqNumber	AbsBytes AbsPackets AbsFrames	RelBytes RelPackets RelFrames	Delay PrevPacketDelayDiff Jitter
000001 1756391140068202 0.001456 0	512 1 0	512 1 0	1.648 1.648 0.103
000002 1756391140318351 0.251605 1	1024 2 0	512 1 0	0.424 -1.224 0.173
000003 1756391140569324 0.502578 2	1536 3 0	512 1 0	0.796 0.372 0.185
000004 1756391140820038 0.753292 3	2048 4 0	512 1 0	0.396 -0.400 0.199
000005 1756391141070564 1.003818 4	2560 5 0	512 1 0	0.432 0.036 0.189
000006 1756391141321602 1.254856 5	3072 6 0	512 1 0	0.117 -0.315 0.197
000007 1756391141572273 1.505527 6	3584 7 0	512 1 0	0.260 0.143 0.193
000008 1756391141823277 1.756531 7	4096 8 0	512 1 0	0.423 0.163 0.191
000009 1756391142074485 2.007739 8	4608 9 0	512 1 0	1.139 0.716 0.224
000010 1756391142324142 2.257396 9	5120 10 0	512 1 0	0.179 -0.960 0.270
000011 1756391142574903 2.508157 10	5632 11 0	512 1 0	0.321 0.142 0.262
000012 1756391142826883 2.760137 11	6144 12 0	512 1 0	0.603 0.282 0.263
000013 1756391143077006 3.010260 12	6656 13 0	512 1 0	0.183 -0.420 0.273
000014 1756391143328928 3.262182 13	7168 14 0	512 1 0	0.582 0.399 0.281
000015 1756391143579532 3.512786 14	7680 15 0	512 1 0	0.420 -0.162 0.274
000016 1756391143830130 3.763384 15	8192 16 0	512 1 0	0.377 -0.043 0.259
000017 1756391144080487 4.013741 16	8704 17 0	512 1 0	0.021 -0.356 0.265
000018 1756391144331431 4.264685 17	9216 18 0	512 1 0	0.249 0.228 0.263
000019 1756391144581968 4.515222 18	9728 19 0	512 1 0	0.257 0.008 0.247
000020 1756391144833007 4.766261 19	10240 20 0	512 1 0	0.379 0.122 0.239
000021 1756391145083897 5.017151 20	10752 21 1	512 1 1	0.674 0.295 0.243
000022 1756391145334326 5.267580 21	11264 22 2	512 1 1	0.736 0.062 0.231
000023 1756391145583944 5.517198 22	11776 23 3	512 1 1	0.053 -0.683 0.260
000024 1756391145834482 5.767736 23	12288 24 4	512 1 1	0.065 0.012 0.244
000025 1756391146086465 6.019719 24	12800 25 5	512 1 1	0.596 0.531 0.262
000026 1756391146336444 6.269698 25	13312 26 6	512 1 1	0.254 -0.342 0.267
000027 1756391146586914 6.520168 26	13824 27 7	512 1 1	0.039 -0.215 0.264
000028 1756391146837492 6.770746 27	14336 28 8	512 1 1	0.201 0.162 0.257
000029 1756391147088430 7.021684 28	14848 29 9	512 1 1	0.682 0.481 0.271
000030 1756391147339080 7.272334 29	15360 30 10	512 1 1	0.907 0.225 0.269
000031 1756391147591156 7.524410 30	15872 31 11	512 1 1	1.649 0.742 0.298
000032 1756391147841197 7.774451 31	16384 32 12	512 1 1	0.755 -0.894 0.335
000033 1756391148092399 8.025653 32	16896 33 13	512 1 1	0.835 0.080 0.319
000034 1756391148343572 8.276826 33	17408 34 14	512 1 1	0.932 0.097 0.305
000035 1756391148594385 8.527639 34	17920 35 15	512 1 1	0.578 -0.354 0.309
000036 1756391148846178 8.779432 35	18432 36 16	512 1 1	1.608 1.030 0.354
000037 1756391149096917 9.030171 36	18944 37 17	512 1 1	1.454 -0.154 0.341
000038 1756391149347954 9.281208 37	19456 38 18	512 1 1	1.292 -0.162 0.330
000039 1756391149599117 9.532371 38	19968 39 19	512 1 1	0.580 -0.712 0.354
000040 1756391149849638 9.782892 39	20480 40 20	512 1 1	0.181 -0.399 0.357
000041 1756391150100990 10.034244 40	20992 41 21	512 1 1	0.312 0.131 0.343
000042 1756391150351620 10.284874 41	21504 42 22	512 1 1	0.344 0.032 0.323
000043 1756391150603362 10.536616 42	22016 43 23	512 1 1	0.857 0.513 0.335
000044 1756391150853927 10.787181 43	22528 44 24	512 1 1	0.096 -0.761 0.362
000045 1756391151105048 11.038302 44	23040 45 25	512 1 1	0.937 0.841 0.392
000046 1756391151356633 11.289887 45	23552 46 26	512 1 1	0.733 -0.204 0.380
000047 1756391151608906 11.542160 46	24064 47 27	512 1 1	2.631 1.898 0.475
000048 1756391151860424 11.793678 47	24576 48 28	512 1 1	2.459 -0.172 0.456
000049 1756391152111368 12.044622 48	25088 49 29	512 1 1	2.745 0.286 0.445
000050 1756391152362958 12.296212 49	25600 50 30	512 1 1	3.738 0.993 0.479
000051 1756391152614135 12.547389 50	26112 51 31	512 1 1	4.697 0.959 0.509
000052 1756391152865679 12.798933 51	26624 52 32	512 1 1	4.615 -0.082 0.483
000053 1756391153117636 13.050890 52	27136 53 33	512 1 1	6.163 1.548 0.549
000054 1756391153362531 13.295785 53	27648 54 34	512 1 1	0.554 -5.609 0.866
000055 1756391153614086 13.547340 54	28160 55 35	512 1 1	0.594 0.040 0.814
000056 1756391153865035 13.798289 55	28672 56 36	512 1 1	0.901 0.307 0.782
000057 1756391154115165 14.048419 56	29184 57 37	512 1 1	0.480 -0.421 0.760
000058 1756391154366004 14.299258 57	29696 58 38	512 1 1	0.496 0.016 0.713
000059 1756391154616313 14.549567 58	30208 59 39	512 1 1	0.235 -0.261 0.685
000060 1756391154867079 14.800333 59	30720 60 40	512 1 1	0.174 -0.061 0.646
000061 1756391155118791 15.052045 60	31232 61 41	512 1 1	0.231 0.057 0.609
000062 1756391155369881 15.303135 61	31744 62 42	512 1 1	0.569 0.338 0.592
000063 1756391155620365 15.553619 62	32256 63 43	512 1 1	0.483 -0.086 0.561
000064 1756391155871245 15.804499 63	32768 64 44	512 1 1	0.515 0.032 0.528
000065 1756391156122349 16.055603 64	33280 65 45	512 1 1	0.438 -0.077 0.499
000066 1756391156374348 16.307602 65	33792 66 46	512 1 1	0.546 0.108 0.475
000067 1756391156624607 16.557861 66	34304 67 47	512 1 1	0.459 -0.087 0.451
000068 1756391156876460 16.809714 67	34816 68 48	512 1 1	0.400 -0.059 0.426
000069 1756391157127305 17.060559 68	35328 69 49	512 1 1	0.438 0.038 0.402
000070 1756391157378971 17.312225 69	35840 70 50	512 1 1	0.829 0.391 0.401
000071 1756391157630310 17.563564 70	36352 71 51	512 1 1	1.329 0.500 0.407
000072 1756391157880261 17.813515 71	36864 72 52	512 1 1	0.598 -0.731 0.428
000073 1756391158132670 18.065924 72	37376 73 53	512 1 1	1.763 1.165 0.474
000074 1756391158383450 18.316704 73	37888 74 54	512 1 1	0.447 -1.316 0.526
000075 1756391158634418 18.567672 74	38400 75 55	512 1 1	1.093 0.646 0.534
000076 1756391158884663 18.817917 75	38912 76 56	512 1 1	0.140 -0.953 0.560
000077 1756391159135553 19.068807 76	39424 77 57	512 1 1	0.199 0.059 0.529
000078 1756391159386541 19.319795 77	39936 78 58	512 1 1	0.279 0.080 0.501
000079 1756391159638137 19.571391 78	40448 79 59	512 1 1	0.772 0.493 0.500
000080 1756391159889322 19.822576 79	40960 80 60	512 1 1	0.486 -0.286 0.487
000081 1756391160140347 20.073601 80	41472 81 61	512 1 1	0.394 -0.092 0.462
000082 1756391160391655 20.324909 81	41984 82 62	512 1 1	0.380 -0.014 0.434
000083 1756391160641993 20.575247 82	42496 83 63	512 1 1	0.375 -0.005 0.407
000084 1756391160892369 20.825623 83	43008 84 64	512 1 1	0.201 -0.174 0.393
000085 1756391161143626 21.076880 84	43520 85 65	512 1 1	0.603 0.402 0.393
000086 1756391161395457 21.328711 85	44032 86 66	512 1 1	0.528 -0.075 0.373
000087 1756391161646562 21.579816 86	44544 87 67	512 1 1	0.395 -0.133 0.358
000088 1756391161897165 21.830419 87	45056 88 68	512 1 1	0.227 -0.168 0.346
000089 1756391162147961 22.081215 88	45568 89 69	512 1 1	0.377 0.150 0.334
000090 1756391162398524 22.331778 89	46080 90 70	512 1 1	0.092 -0.285 0.331
000091 1756391162649452 22.582706 90	46592 91 71	512 1 1	0.465 0.373 0.334
000092 1756391162899303 22.832557 91	47104 92 72	512 1 1	-0.030 -0.495 0.344
000093 1756391163149921 23.083175 92	47616 93 73	512 1 1	0.174 0.204 0.335
000094 1756391163400334 23.333588 93	48128 94 74	512 1 1	0.116 -0.058 0.318
000095 1756391163651921 23.585175 94	48640 95 75	512 1 1	0.310 0.194 0.310
000096 1756391163902492 23.835746 95	49152 96 76	512 1 1	0.327 0.017 0.292
000097 1756391164153630 24.086884 96	49664 97 77	512 1 1	0.526 0.199 0.286
000098 1756391164404291 24.337545 97	50176 98 78	512 1 1	0.261 -0.265 0.285
000099 1756391164655586 24.588840 98	50688 99 79	512 1 1	0.413 0.152 0.276
000100 1756391164906247 24.839501 99	51200 100 80	512 1 1	0.295 -0.118 0.266
000101 1756391165156938 25.090192 100	51712 101 81	512 1 1	0.462 0.167 0.260
000102 1756391165407458 25.340712 101	52224 102 82	512 1 1	0.247 -0.215 0.257
000103 1756391165658672 25.591926 102	52736 103 83	512 1 1	0.265 0.018 0.242
000104 1756391165909181 25.842435 103	53248 104 84	512 1 1	0.205 -0.060 0.231
000105 1756391166160267 26.093521 104	53760 105 85	512 1 1	0.371 0.166 0.227
000106 1756391166412722 26.345976 105	54272 106 86	512 1 1	0.815 0.444 0.241
000107 1756391166662773 26.596027 106	54784 107 87	512 1 1	0.210 -0.605 0.263
000108 1756391166913251 26.846505 107	55296 108 88	512 1 1	0.332 0.122 0.254
000109 1756391167163633 27.096887 108	55808 109 89	512 1 1	0.257 -0.075 0.243
000110 1756391167414190 27.347444 109	56320 110 90	512 1 1	0.257 0.000 0.228
000111 1756391167664583 27.597837 110	56832 111 91	512 1 1	0.148 -0.109 0.221
000112 1756391167915367 27.848621 111	57344 112 92	512 1 1	0.467 0.319 0.227
000113 1756391168166374 28.099628 112	57856 113 93	512 1 1	0.380 -0.087 0.218
000114 1756391168416776 28.350030 113	58368 114 94	512 1 1	0.240 -0.140 0.213
000115 1756391168667312 28.600566 114	58880 115 95	512 1 1	0.307 0.067 0.204
000116 1756391168918064 28.851318 115	59392 116 96	512 1 1	0.529 0.222 0.205
000117 1756391169168386 29.101640 116	59904 117 97	512 1 1	0.383 -0.146 0.201
000118 1756391169419250 29.352504 117	60416 118 98	512 1 1	0.250 -0.133 0.197
000119 1756391169669530 29.602784 118	60928 119 99	512 1 1	0.197 -0.053 0.188
000120 1756391169920646 29.853900 119	61440 120 100	512 1 1	0.574 0.377 0.200
000121 1756391170171635 30.104889 120	61952 121 101	512 1 1	0.184 -0.390 0.212
000122 1756391170423596 30.356850 121	62464 122 102	512 1 1	0.644 0.460 0.227
000123 1756391170673970 30.607224 122	62976 123 103	512 1 1	0.402 -0.242 0.228
000124 1756391170925503 30.858757 123	63488 124 104	512 1 1	0.707 0.305 0.233
000125 1756391171175485 31.108739 124	64000 125 105	512 1 1	0.144 -0.563 0.254
000126 1756391171426283 31.359537 125	64512 126 106	512 1 1	0.377 0.233 0.252
000127 1756391171676917 31.610171 126	65024 127 107	512 1 1	0.031 -0.346 0.258
000128 1756391171927651 31.860905 127	65536 128 108	512 1 1	0.375 0.344 0.264
000129 1756391172178571 32.111825 128	66048 129 109	512 1 1	0.278 -0.097 0.253
000130 1756391172429620 32.362874 129	66560 130 110	512 1 1	0.733 0.455 0.266
000131 1756391172680546 32.613800 130	67072 131 111	512 1 1	0.345 -0.388 0.273
000132 1756391172931375 32.864629 131	67584 132 112	512 1 1	0.595 0.250 0.272
000133 1756391173182195 33.115449 132	68096 133 113	512 1 1	0.353 -0.242 0.270
000134 1756391173433028 33.366282 133	68608 134 114	512 1 1	0.652 0.299 0.272
000135 1756391173684008 33.617262 134	69120 135 115	512 1 1	0.350 -0.302 0.274
000136 1756391173935412 33.868666 135	69632 136 116	512 1 1	0.569 0.219 0.270
000137 1756391174185410 34.118664 136	70144 137 117	512 1 1	0.152 -0.417 0.280
000138 1756391174436099 34.369353 137	70656 138 118	512 1 1	0.306 0.154 0.272
000139 1756391174687268 34.620522 138	71168 139 119	512 1 1	0.077 -0.229 0.269
000140 1756391174938363 34.871617 139	71680 140 120	512 1 1	0.616 0.539 0.286
000141 1756391175188733 35.121987 140	72192 141 121	512 1 1	0.163 -0.453 0.296
000142 1756391175440213 35.373467 141	72704 142 122	512 1 1	0.226 0.063 0.282
000143 1756391175690683 35.623937 142	73216 143 123	512 1 1	0.094 -0.132 0.272
000144 1756391175941122 35.874376 143	73728 144 124	512 1 1	0.098 0.004 0.256
000145 1756391176192183 36.125437 144	74240 145 125	512 1 1	-0.013 -0.111 0.247
000146 1756391176442903 36.376157 145	74752 146 126	512 1 1	0.216 0.229 0.245
000147 1756391176693942 36.627196 146	75264 147 127	512 1 1	0.028 -0.188 0.242
000148 1756391176945364 36.878618 147	75776 148 128	512 1 1	0.320 0.292 0.245
000149 1756391177196363 37.129617 148	76288 149 129	512 1 1	0.246 -0.074 0.234
000150 1756391177447244 37.380498 149	76800 150 130	512 1 1	0.343 0.097 0.226
000151 1756391177697740 37.630994 150	77312 151 131	512 1 1	0.285 -0.058 0.215
000152 1756391177948060 37.881314 151	77824 152 132	512 1 1	0.209 -0.076 0.207
000153 1756391178199244 38.132498 152	78336 153 133	512 1 1	0.289 0.080 0.199
000154 1756391178449537 38.382791 153	78848 154 134	512 1 1	0.133 -0.156 0.196
000155 1756391178700003 38.633257 154	79360 155 135	512 1 1	0.073 -0.060 0.187
000156 1756391178950964 38.884218 155	79872 156 136	512 1 1	0.353 0.280 0.193
000157 1756391179201632 39.134886 156	80384 157 137	512 1 1	0.052 -0.301 0.200
000158 1756391179452076 39.385330 157	80896 158 138	512 1 1	0.210 0.158 0.197
000159 1756391179703341 39.636595 158	81408 159 139	512 1 1	0.374 0.164 0.195
000160 1756391179953660 39.886914 159	81920 160 140	512 1 1	0.153 -0.221 0.197
000161 1756391180204871 40.138125 160	82432 161 141	512 1 1	0.417 0.264 0.201
000162 1756391180455171 40.388425 161	82944 162 142	512 1 1	0.305 -0.112 0.196
000163 1756391180705647 40.638901 162	83456 163 143	512 1 1	-0.012 -0.317 0.203
000164 1756391180956247 40.889501 163	83968 164 144	512 1 1	0.285 0.297 0.209
000165 1756391181206994 41.140248 164	84480 165 145	512 1 1	0.566 0.281 0.213
000166 1756391181457291 41.390545 165	84992 166 146	512 1 1	0.353 -0.213 0.213
000167 1756391181707619 41.640873 166	85504 167 147	512 1 1	0.141 -0.212 0.213
000168 1756391181958393 41.891647 167	86016 168 148	512 1 1	0.376 0.235 0.215
000169 1756391182211945 42.145199 168	86528 169 149	512 1 1	3.355 2.979 0.387
000170 1756391182459182 42.392436 169	87040 170 150	512 1 1	0.281 -3.074 0.555
000171 1756391182709993 42.643247 170	87552 171 151	512 1 1	0.484 0.203 0.533
000172 1756391182960363 42.893617 171	88064 172 152	512 1 1	0.432 -0.052 0.503
000173 1756391183211297 43.144551 172	88576 173 153	512 1 1	0.627 0.195 0.484
000174 1756391183462356 43.395610 173	89088 174 154	512 1 1	0.493 -0.134 0.462
000175 1756391183713372 43.646626 174	89600 175 155	512 1 1	0.483 -0.010 0.434
000176 1756391183963997 43.897251 175	90112 176 156	512 1 1	0.424 -0.059 0.410
000177 1756391184214192 44.147446 176	90624 177 157	512 1 1	0.253 -0.171 0.395
000178 1756391184464975 44.398229 177	91136 178 158	512 1 1	0.300 0.047 0.374
000179 1756391184715314 44.648568 178	91648 179 159	512 1 1	0.362 0.062 0.354
000180 1756391184965894 44.899148 179	92160 180 160	512 1 1	0.242 -0.120 0.340
000181 1756391185216457 45.149711 180	92672 181 161	512 1 1	0.441 0.199 0.331
000182 1756391185466744 45.399998 181	93184 182 162	512 1 1	0.280 -0.161 0.320
000183 1756391185717131 45.650385 182	93696 183 163	512 1 1	0.091 -0.189 0.312
000184 1756391185967989 45.901243 183	94208 184 164	512 1 1	0.221 0.130 0.301
000185 1756391186218283 46.151537 184	94720 185 165	512 1 1	0.251 0.030 0.284
000186 1756391186468775 46.402029 185	95232 186 166	512 1 1	0.230 -0.021 0.267
000187 1756391186719362 46.652616 186	95744 187 167	512 1 1	0.400 0.170 0.261
000188 1756391186970104 46.903358 187	96256 188 168	512 1 1	0.595 0.195 0.257
000189 1756391187220326 47.153580 188	96768 189 169	512 1 1	0.392 -0.203 0.254
000190 1756391187473213 47.406467 189	97280 190 170	512 1 1	2.753 2.361 0.385
000191 1756391187721559 47.654813 190	97792 191 171	512 1 1	0.569 -2.184 0.498
000192 1756391187971737 47.904991 191	98304 192 172	512 1 1	0.117 -0.452 0.495
000193 1756391188222250 48.155504 192	98816 193 173	512 1 1	0.269 0.152 0.474
000194 1756391188477570 48.410824 193	99328 194 174	512 1 1	5.137 4.868 0.748
000195 1756391188723459 48.656713 194	99840 195 175	512 1 1	0.451 -4.686 0.994
000196 1756391188973528 48.906782 195	100352 196 176	512 1 1	0.124 -0.327 0.953
000197 1756391189224310 49.157564 196	100864 197 177	512 1 1	0.386 0.262 0.909
000198 1756391189481103 49.414357 197	101376 198 178	512 1 1	6.411 6.025 1.229
000199 1756391189725701 49.658955 198	101888 199 179	512 1 1	0.526 -5.885 1.520
000200 1756391189976417 49.909671 199	102400 200 180	512 1 1	0.646 0.120 1.433
000201 1756391190226376 50.159630 200	102912 201 181	512 1 1	0.446 -0.200 1.356
000202 1756391190483168 50.416422 201	103424 202 182	512 1 1	6.426 5.980 1.645
000203 1756391190727331 50.660585 202	103936 203 183	512 1 1	0.394 -6.032 1.919
000204 1756391190977913 50.911167 203	104448 204 184	512 1 1	0.372 -0.022 1.800
000205 1756391191228507 51.161761 204	104960 205 185	512 1 1	0.455 0.083 1.693
000206 1756391191486336 51.419590 205	105472 206 186	512 1 1	7.723 7.268 2.041
000207 1756391191729352 51.662606 206	105984 207 187	512 1 1	0.416 -7.307 2.370
000208 1756391191979947 51.913201 207	106496 208 188	512 1 1	0.068 -0.348 2.244
000209 1756391192230936 52.164190 208	107008 209 189	512 1 1	0.364 0.296 2.122
000210 1756391192487822 52.421076 209	107520 210 190	512 1 1	6.849 6.485 2.395
000211 1756391192731495 52.664749 210	108032 211 191	512 1 1	0.131 -6.718 2.665
000212 1756391192982212 52.915466 211	108544 212 192	512 1 1	0.347 0.216 2.512
000213 1756391193232819 53.166073 212	109056 213 193	512 1 1	0.369 0.022 2.356
000214 1756391193492120 53.425374 213	109568 214 194	512 1 1	9.197 8.828 2.761
000215 1756391193733577 53.666831 214	110080 215 195	512 1 1	0.312 -8.885 3.144
000216 1756391193984269 53.917523 215	110592 216 196	512 1 1	0.424 0.112 2.954
000217 1756391194235069 54.168323 216	111104 217 197	512 1 1	0.400 -0.024 2.771
000218 1756391194494145 54.427399 217	111616 218 198	512 1 1	8.870 8.470 3.127
000219 1756391194735969 54.669223 218	112128 219 199	512 1 1	0.191 -8.679 3.474
000220 1756391194987342 54.920596 219	112640 220 200	512 1 1	0.458 0.267 3.274
000221 1756391195238221 55.171475 220	113152 221 201	512 1 1	0.629 0.171 3.080
000222 1756391195496784 55.430038 221	113664 222 202	512 1 1	8.941 8.312 3.407
000223 1756391195738786 55.672040 222	114176 223 203	512 1 1	0.377 -8.564 3.729
000224 1756391195989275 55.922529 223	114688 224 204	512 1 1	0.414 0.037 3.498
000225 1756391196240177 56.173431 224	115200 225 205	512 1 1	0.505 0.091 3.285
000226 1756391196499985 56.433239 225	115712 226 206	512 1 1	9.302 8.797 3.630
000227 1756391196741024 56.674278 226	116224 227 207	512 1 1	0.196 -9.106 3.972
000228 1756391196991408 56.924662 227	116736 228 208	512 1 1	0.363 0.167 3.734
000229 1756391197242122 57.175376 228	117248 229 209	512 1 1	0.428 0.065 3.505
000230 1756391197503626 57.436880 229	117760 230 210	512 1 1	11.515 11.087 3.979
000231 1756391197743061 57.676315 230	118272 231 211	512 1 1	0.563 -10.952 4.415
000232 1756391197994291 57.927545 231	118784 232 212	512 1 1	0.407 -0.156 4.149
000233 1756391198244987 58.178241 232	119296 233 213	512 1 1	0.244 -0.163 3.899
000234 1756391198506053 58.439307 233	119808 234 214	512 1 1	10.471 10.227 4.295
000235 1756391198746300 58.679554 234	120320 235 215	512 1 1	0.351 -10.120 4.659
000236 1756391198996925 58.930179 235	120832 236 216	512 1 1	0.290 -0.061 4.372
000237 1756391199247053 59.180307 236	121344 237 217	512 1 1	0.079 -0.211 4.112
000238 1756391199507839 59.441093 237	121856 238 218	512 1 1	10.250 10.171 4.490
000239 1756391199748045 59.681299 238	122368 239 219	512 1 1	0.101 -10.149 4.844
000240 1756391199998638 59.931892 239	122880 240 220	512 1 1	0.238 0.137 4.550
