AbsTime RelTime SeqNumber	AbsBytes AbsPackets AbsFrames	RelBytes RelPackets RelFrames	Delay PrevPacketDelayDiff Jitter
000001 1756391140067490 0.000744 0	4906 1 0	4906 1 0	2.627 2.627 0.164
000002 1756391140166061 0.099315 1	9812 2 0	4906 1 0	0.310 -2.317 0.299
000003 1756391140266773 0.200027 2	14718 3 0	4906 1 0	0.329 0.019 0.281
000004 1756391140368685 0.301939 3	19624 4 0	4906 1 0	1.204 0.875 0.318
000005 1756391140469007 0.402261 4	24530 5 0	4906 1 0	0.524 -0.680 0.341
000006 1756391140569467 0.502721 5	29436 6 0	4906 1 0	0.546 0.022 0.321
000007 1756391140669444 0.602698 6	34342 7 0	4906 1 0	0.100 -0.446 0.329
000008 1756391140770355 0.703609 7	39248 8 0	4906 1 0	0.617 0.517 0.341
000009 1756391140870603 0.803857 8	44154 9 0	4906 1 0	0.249 -0.368 0.342
000010 1756391140970810 0.904064 9	49060 10 0	4906 1 0	0.011 -0.238 0.336
000011 1756391141071551 1.004805 10	53966 11 0	4906 1 0	0.292 0.281 0.332
000012 1756391141171933 1.105187 11	58872 12 0	4906 1 0	-0.014 -0.306 0.331
000013 1756391141272831 1.206085 12	63778 13 0	4906 1 0	0.257 0.271 0.327
000014 1756391141373267 1.306521 13	68684 14 0	4906 1 0	0.052 -0.205 0.319
000015 1756391141473921 1.407175 14	73590 15 0	4906 1 0	0.233 0.181 0.311
000016 1756391141574331 1.507585 15	78496 16 0	4906 1 0	0.326 0.093 0.297
000017 1756391141674191 1.607445 16	83402 17 0	4906 1 0	-0.046 -0.372 0.302
000018 1756391141775436 1.708690 17	88308 18 0	4906 1 0	0.584 0.630 0.322
000019 1756391141875629 1.808883 18	93214 19 0	4906 1 0	0.234 -0.350 0.324
000020 1756391141975930 1.909184 19	98120 20 0	4906 1 0	-0.003 -0.237 0.319
000021 1756391142076572 2.009826 20	103026 21 0	4906 1 0	0.020 0.023 0.300
000022 1756391142177126 2.110380 21	107932 22 0	4906 1 0	-0.015 -0.035 0.284
000023 1756391142277555 2.210809 22	112838 23 0	4906 1 0	0.072 0.087 0.271
000024 1756391142378324 2.311578 23	117744 24 0	4906 1 0	0.072 0.000 0.254
000025 1756391142478640 2.411894 24	122650 25 0	4906 1 0	0.043 -0.029 0.240
000026 1756391142579226 2.512480 25	127556 26 0	4906 1 0	0.246 0.203 0.238
000027 1756391142679719 2.612973 26	132462 27 0	4906 1 0	0.109 -0.137 0.232
000028 1756391142779980 2.713234 27	137368 28 0	4906 1 0	0.069 -0.040 0.220
000029 1756391142880467 2.813721 28	142274 29 0	4906 1 0	0.098 0.029 0.208
000030 1756391142981069 2.914323 29	147180 30 0	4906 1 0	0.367 0.269 0.212
000031 1756391143081437 3.014691 30	152086 31 0	4906 1 0	0.235 -0.132 0.207
000032 1756391143181951 3.115205 31	156992 32 0	4906 1 0	0.422 0.187 0.205
000033 1756391143282027 3.215281 32	161898 33 0	4906 1 0	0.115 -0.307 0.212
000034 1756391143382588 3.315842 33	166804 34 0	4906 1 0	0.318 0.203 0.211
000035 1756391143482981 3.416235 34	171710 35 0	4906 1 0	0.290 -0.028 0.200
000036 1756391143583130 3.516384 35	176616 36 0	4906 1 0	0.043 -0.247 0.203
000037 1756391143683444 3.616698 36	181522 37 0	4906 1 0	-0.021 -0.064 0.194
000038 1756391143783899 3.717153 37	186428 38 0	4906 1 0	0.022 0.043 0.185
000039 1756391143884771 3.818025 38	191334 39 0	4906 1 0	0.648 0.626 0.212
000040 1756391143985229 3.918483 39	196240 40 0	4906 1 0	0.679 0.031 0.201
000041 1756391144085437 4.018691 40	201146 41 0	4906 1 0	0.379 -0.300 0.207
000042 1756391144185583 4.118837 41	206052 42 0	4906 1 0	0.063 -0.316 0.214
000043 1756391144286718 4.219972 42	210958 43 0	4906 1 0	0.833 0.770 0.249
000044 1756391144386952 4.320206 43	215864 44 0	4906 1 0	0.291 -0.542 0.267
000045 1756391144487336 4.420590 44	220770 45 0	4906 1 0	0.180 -0.111 0.257
000046 1756391144588216 4.521470 45	225676 46 0	4906 1 0	0.599 0.419 0.267
000047 1756391144688507 4.621761 46	230582 47 0	4906 1 0	0.111 -0.488 0.281
000048 1756391144789100 4.722354 47	235488 48 0	4906 1 0	0.310 0.199 0.276
000049 1756391144889313 4.822567 48	240394 49 0	4906 1 0	0.275 -0.035 0.261
000050 1756391144990022 4.923276 49	245300 50 0	4906 1 0	0.522 0.247 0.260
000051 1756391145090057 5.023311 50	250206 51 1	4906 1 1	0.223 -0.299 0.262
000052 1756391145190919 5.124173 51	255112 52 2	4906 1 1	0.366 0.143 0.255
000053 1756391145291081 5.224335 52	260018 53 3	4906 1 1	0.045 -0.321 0.259
000054 1756391145391459 5.324713 53	264924 54 4	4906 1 1	0.227 0.182 0.254
000055 1756391145491986 5.425240 54	269830 55 5	4906 1 1	0.007 -0.220 0.252
000056 1756391145592383 5.525637 55	274736 56 6	4906 1 1	0.238 0.231 0.251
000057 1756391145692357 5.625611 56	279642 57 7	4906 1 1	-0.097 -0.335 0.256
000058 1756391145792949 5.726203 57	284548 58 8	4906 1 1	0.128 0.225 0.254
000059 1756391145893126 5.826380 58	289454 59 9	4906 1 1	0.016 -0.112 0.245
000060 1756391145993535 5.926789 59	294360 60 10	4906 1 1	0.071 0.055 0.233
000061 1756391146093912 6.027166 60	299266 61 11	4906 1 1	0.105 0.034 0.221
000062 1756391146194114 6.127368 61	304172 62 12	4906 1 1	-0.022 -0.127 0.215
000063 1756391146295311 6.228565 62	309078 63 13	4906 1 1	0.159 0.181 0.213
000064 1756391146395251 6.328505 63	313984 64 14	4906 1 1	-0.061 -0.220 0.213
000065 1756391146495859 6.429113 64	318890 65 15	4906 1 1	-0.149 -0.088 0.206
000066 1756391146596287 6.529541 65	323796 66 16	4906 1 1	0.102 0.251 0.208
000067 1756391146696564 6.629818 66	328702 67 17	4906 1 1	0.100 -0.002 0.195
000068 1756391146797212 6.730466 67	333608 68 18	4906 1 1	0.374 0.274 0.200
000069 1756391146897391 6.830645 68	338514 69 19	4906 1 1	0.143 -0.231 0.202
000070 1756391146997920 6.931174 69	343420 70 20	4906 1 1	0.183 0.040 0.192
000071 1756391147098212 7.031466 70	348326 71 21	4906 1 1	0.036 -0.147 0.189
000072 1756391147198816 7.132070 71	353232 72 22	4906 1 1	0.204 0.168 0.188
000073 1756391147299397 7.232651 72	358138 73 23	4906 1 1	0.273 0.069 0.181
000074 1756391147400364 7.333618 73	363044 74 24	4906 1 1	0.614 0.341 0.191
000075 1756391147500307 7.433561 74	367950 75 25	4906 1 1	0.002 -0.612 0.217
000076 1756391147601164 7.534418 75	372856 76 26	4906 1 1	0.267 0.265 0.220
000077 1756391147701822 7.635076 76	377762 77 27	4906 1 1	0.173 -0.094 0.212
000078 1756391147802371 7.735625 77	382668 78 28	4906 1 1	0.209 0.036 0.201
000079 1756391147903043 7.836297 78	387574 79 29	4906 1 1	0.213 0.004 0.189
000080 1756391148004216 7.937470 79	392480 80 30	4906 1 1	0.716 0.503 0.208
000081 1756391148104321 8.037575 80	397386 81 31	4906 1 1	0.477 -0.239 0.210
000082 1756391148205016 8.138270 81	402292 82 32	4906 1 1	0.679 0.202 0.210
000083 1756391148305079 8.238333 82	407198 83 33	4906 1 1	0.277 -0.402 0.222
000084 1756391148405013 8.338267 83	412104 84 34	4906 1 1	-0.027 -0.304 0.227
000085 1756391148505399 8.438653 84	417010 85 35	4906 1 1	0.117 0.144 0.222
000086 1756391148605694 8.538948 85	421916 86 36	4906 1 1	0.131 0.014 0.209
000087 1756391148706185 8.639439 86	426822 87 37	4906 1 1	0.143 0.012 0.196
000088 1756391148806988 8.740242 87	431728 88 38	4906 1 1	0.492 0.349 0.206
000089 1756391148907115 8.840369 88	436634 89 39	4906 1 1	0.229 -0.263 0.210
000090 1756391149007654 8.940908 89	441540 90 40	4906 1 1	0.456 0.227 0.211
000091 1756391149107999 9.041253 90	446446 91 41	4906 1 1	0.290 -0.166 0.208
000092 1756391149208624 9.141878 91	451352 92 42	4906 1 1	0.321 0.031 0.197
000093 1756391149308978 9.242232 92	456258 93 43	4906 1 1	0.327 0.006 0.185
000094 1756391149409679 9.342933 93	461164 94 44	4906 1 1	0.287 -0.040 0.176
000095 1756391149510057 9.443311 94	466070 95 45	4906 1 1	0.203 -0.084 0.170
000096 1756391149610539 9.543793 95	470976 96 46	4906 1 1	0.239 0.036 0.162
000097 1756391149711013 9.644267 96	475882 97 47	4906 1 1	0.414 0.175 0.163
000098 1756391149811406 9.744660 97	480788 98 48	4906 1 1	0.437 0.023 0.154
000099 1756391149912138 9.845392 98	485694 99 49	4906 1 1	0.282 -0.155 0.154
000100 1756391150012546 9.945800 99	490600 100 50	4906 1 1	0.400 0.118 0.152
000101 1756391150113368 10.046622 100	495506 101 51	4906 1 1	0.895 0.495 0.173
000102 1756391150213906 10.147160 101	500412 102 52	4906 1 1	1.091 0.196 0.175
000103 1756391150314303 10.247557 102	505318 103 53	4906 1 1	1.034 -0.057 0.167
000104 1756391150414412 10.347666 103	510224 104 54	4906 1 1	0.614 -0.420 0.183
000105 1756391150515088 10.448342 104	515130 105 55	4906 1 1	0.858 0.244 0.187
000106 1756391150615590 10.548844 105	520036 106 56	4906 1 1	1.023 0.165 0.185
000107 1756391150715113 10.648367 106	524942 107 57	4906 1 1	0.150 -0.873 0.228
000108 1756391150816446 10.749700 107	529848 108 58	4906 1 1	0.818 0.668 0.256
000109 1756391150917179 10.850433 108	534754 109 59	4906 1 1	0.833 0.015 0.241
000110 1756391151017633 10.950887 109	539660 110 60	4906 1 1	0.576 -0.257 0.242
000111 1756391151118090 11.051344 110	544566 111 61	4906 1 1	0.532 -0.044 0.229
000112 1756391151218565 11.151819 111	549472 112 62	4906 1 1	0.575 0.043 0.218
000113 1756391151319082 11.252336 112	554378 113 63	4906 1 1	0.609 0.034 0.206
000114 1756391151419514 11.352768 113	559284 114 64	4906 1 1	0.331 -0.278 0.211
000115 1756391151519978 11.453232 114	564190 115 65	4906 1 1	0.296 -0.035 0.200
000116 1756391151620259 11.553513 115	569096 116 66	4906 1 1	0.293 -0.003 0.188
000117 1756391151721039 11.654293 116	574002 117 67	4906 1 1	0.310 0.017 0.177
000118 1756391151821380 11.754634 117	578908 118 68	4906 1 1	0.124 -0.186 0.177
000119 1756391151923241 11.856495 118	583814 119 69	4906 1 1	0.341 0.217 0.180
000120 1756391152024176 11.957430 119	588720 120 70	4906 1 1	0.565 0.224 0.183
000121 1756391152124454 12.057708 120	593626 121 71	4906 1 1	0.337 -0.228 0.185
000122 1756391152224941 12.158195 121	598532 122 72	4906 1 1	0.462 0.125 0.182
000123 1756391152325305 12.258559 122	603438 123 73	4906 1 1	0.547 0.085 0.176
000124 1756391152425697 12.358951 123	608344 124 74	4906 1 1	0.418 -0.129 0.173
000125 1756391152526034 12.459288 124	613250 125 75	4906 1 1	0.299 -0.119 0.169
000126 1756391152626576 12.559830 125	618156 126 76	4906 1 1	0.283 -0.016 0.160
000127 1756391152727669 12.660923 126	623062 127 77	4906 1 1	0.593 0.310 0.169
000128 1756391152827891 12.761145 127	627968 128 78	4906 1 1	0.413 -0.180 0.170
000129 1756391152928453 12.861707 128	632874 129 79	4906 1 1	0.618 0.205 0.172
000130 1756391153028993 12.962247 129	637780 130 80	4906 1 1	0.133 -0.485 0.192
000131 1756391153129549 13.062803 130	642686 131 81	4906 1 1	0.167 0.034 0.182
000132 1756391153230190 13.163444 131	647592 132 82	4906 1 1	0.134 -0.033 0.172
000133 1756391153330484 13.263738 132	652498 133 83	4906 1 1	0.191 0.057 0.165
000134 1756391153431339 13.364593 133	657404 134 84	4906 1 1	0.793 0.602 0.193
000135 1756391153531956 13.465210 134	662310 135 85	4906 1 1	0.637 -0.156 0.190
000136 1756391153632770 13.566024 135	667216 136 86	4906 1 1	0.668 0.031 0.180
000137 1756391153733066 13.666320 136	672122 137 87	4906 1 1	0.427 -0.241 0.184
000138 1756391153833450 13.766704 137	677028 138 88	4906 1 1	0.454 0.027 0.174
000139 1756391153934101 13.867355 138	681934 139 89	4906 1 1	0.731 0.277 0.181
000140 1756391154033919 13.967173 139	686840 140 90	4906 1 1	0.243 -0.488 0.200
000141 1756391154134630 14.067884 140	691746 141 91	4906 1 1	0.660 0.417 0.213
000142 1756391154236488 14.169742 141	696652 142 92	4906 1 1	0.898 0.238 0.215
000143 1756391154336772 14.270026 142	701558 143 93	4906 1 1	0.548 -0.350 0.223
000144 1756391154438600 14.371854 143	706464 144 94	4906 1 1	1.744 1.196 0.284
000145 1756391154537535 14.470789 144	711370 145 95	4906 1 1	0.285 -1.459 0.358
000146 1756391154637934 14.571188 145	716276 146 96	4906 1 1	0.446 0.161 0.345
000147 1756391154738295 14.671549 146	721182 147 97	4906 1 1	0.317 -0.129 0.332
000148 1756391154839127 14.772381 147	726088 148 98	4906 1 1	0.545 0.228 0.325
000149 1756391154939242 14.872496 148	730994 149 99	4906 1 1	0.405 -0.140 0.314
000150 1756391155039538 14.972792 149	735900 150 100	4906 1 1	-0.017 -0.422 0.321
000151 1756391155140331 15.073585 150	740806 151 101	4906 1 1	0.508 0.525 0.333
000152 1756391155242070 15.175324 151	745712 152 102	4906 1 1	1.123 0.615 0.351
000153 1756391155342137 15.275391 152	750618 153 103	4906 1 1	0.487 -0.636 0.369
000154 1756391155442113 15.375367 153	755524 154 104	4906 1 1	-0.207 -0.694 0.389
000155 1756391155543589 15.476843 154	760430 155 105	4906 1 1	0.558 0.765 0.413
000156 1756391155644234 15.577488 155	765336 156 106	4906 1 1	0.649 0.091 0.392
000157 1756391155744634 15.677888 156	770242 157 107	4906 1 1	0.652 0.003 0.368
000158 1756391155845050 15.778304 157	775148 158 108	4906 1 1	0.685 0.033 0.347
000159 1756391155946148 15.879402 158	780054 159 109	4906 1 1	1.312 0.627 0.365
000160 1756391156046380 15.979634 159	784960 160 110	4906 1 1	0.767 -0.545 0.376
000161 1756391156146721 16.079975 160	789866 161 111	4906 1 1	0.659 -0.108 0.359
000162 1756391156248150 16.181404 161	794772 162 112	4906 1 1	1.191 0.532 0.370
000163 1756391156348297 16.281551 162	799678 163 113	4906 1 1	0.947 -0.244 0.362
000164 1756391156448162 16.381416 163	804584 164 114	4906 1 1	0.410 -0.537 0.373
000165 1756391156549670 16.482924 164	809490 165 115	4906 1 1	1.513 1.103 0.419
000166 1756391156649707 16.582961 165	814396 166 116	4906 1 1	1.362 -0.151 0.402
000167 1756391156749632 16.682886 166	819302 167 117	4906 1 1	0.716 -0.646 0.417
000168 1756391156850121 16.783375 167	824208 168 118	4906 1 1	0.878 0.162 0.401
000169 1756391156950371 16.883625 168	829114 169 119	4906 1 1	0.593 -0.285 0.394
000170 1756391157051974 16.985228 169	834020 170 120	4906 1 1	1.052 0.459 0.398
000171 1756391157153405 17.086659 170	838926 171 121	4906 1 1	2.256 1.204 0.448
000172 1756391157253506 17.186760 171	843832 172 122	4906 1 1	1.162 -1.094 0.489
000173 1756391157353817 17.287071 172	848738 173 123	4906 1 1	0.880 -0.282 0.476
000174 1756391157454335 17.387589 173	853644 174 124	4906 1 1	1.069 0.189 0.458
000175 1756391157555267 17.488521 174	858550 175 125	4906 1 1	0.451 -0.618 0.468
000176 1756391157656802 17.590056 175	863456 176 126	4906 1 1	0.897 0.446 0.467
000177 1756391157757593 17.690847 176	868362 177 127	4906 1 1	0.722 -0.175 0.448
000178 1756391157858268 17.791522 177	873268 178 128	4906 1 1	0.968 0.246 0.436
000179 1756391157958076 17.891330 178	878174 179 129	4906 1 1	0.377 -0.591 0.445
000180 1756391158058771 17.992025 179	883080 180 130	4906 1 1	0.463 0.086 0.423
000181 1756391158159244 18.092498 180	887986 181 131	4906 1 1	0.238 -0.225 0.411
000182 1756391158261070 18.194324 181	892892 182 132	4906 1 1	1.208 0.970 0.446
000183 1756391158361435 18.294689 182	897798 183 133	4906 1 1	1.108 -0.100 0.424
000184 1756391158461098 18.394352 183	902704 184 134	4906 1 1	0.372 -0.736 0.443
000185 1756391158562331 18.495585 184	907610 185 135	4906 1 1	0.720 0.348 0.437
000186 1756391158662387 18.595641 185	912516 186 136	4906 1 1	0.227 -0.493 0.441
000187 1756391158763124 18.696378 186	917422 187 137	4906 1 1	0.650 0.423 0.440
000188 1756391158863297 18.796551 187	922328 188 138	4906 1 1	0.429 -0.221 0.426
000189 1756391158963515 18.896769 188	927234 189 139	4906 1 1	0.153 -0.276 0.417
000190 1756391159064525 18.997779 189	932140 190 140	4906 1 1	0.113 -0.040 0.393
000191 1756391159164565 19.097819 190	937046 191 141	4906 1 1	-0.105 -0.218 0.382
000192 1756391159266447 19.199701 191	941952 192 142	4906 1 1	0.586 0.691 0.402
000193 1756391159366778 19.300032 192	946858 193 143	4906 1 1	0.432 -0.154 0.386
000194 1756391159467505 19.400759 193	951764 194 144	4906 1 1	0.714 0.282 0.380
000195 1756391159568673 19.501927 194	956670 195 145	4906 1 1	0.833 0.119 0.363
000196 1756391159669395 19.602649 195	961576 196 146	4906 1 1	1.272 0.439 0.368
000197 1756391159770132 19.703386 196	966482 197 147	4906 1 1	1.146 -0.126 0.353
000198 1756391159870389 19.803643 197	971388 198 148	4906 1 1	0.543 -0.603 0.369
000199 1756391159971784 19.905038 198	976294 199 149	4906 1 1	0.885 0.342 0.367
000200 1756391160071572 20.004826 199	981200 200 150	4906 1 1	0.135 -0.750 0.391
000201 1756391160172409 20.105663 200	986106 201 151	4906 1 1	0.546 0.411 0.392
000202 1756391160273303 20.206557 201	991012 202 152	4906 1 1	0.839 0.293 0.386
000203 1756391160373950 20.307204 202	995918 203 153	4906 1 1	1.031 0.192 0.374
000204 1756391160473284 20.406538 203	1000824 204 154	4906 1 1	0.206 -0.825 0.402
000205 1756391160574217 20.507471 204	1005730 205 155	4906 1 1	0.850 0.644 0.417
000206 1756391160673915 20.607169 205	1010636 206 156	4906 1 1	0.277 -0.573 0.427
000207 1756391160775670 20.708924 206	1015542 207 157	4906 1 1	1.106 0.829 0.452
000208 1756391160875960 20.809214 207	1020448 208 158	4906 1 1	0.132 -0.974 0.485
000209 1756391160976372 20.909626 208	1025354 209 159	4906 1 1	0.275 0.143 0.463
000210 1756391161078356 21.011610 209	1030260 210 160	4906 1 1	1.276 1.001 0.497
000211 1756391161177988 21.111242 210	1035166 211 161	4906 1 1	0.536 -0.740 0.512
000212 1756391161278347 21.211601 211	1040072 212 162	4906 1 1	0.465 -0.071 0.484
000213 1756391161379224 21.312478 212	1044978 213 163	4906 1 1	0.960 0.495 0.485
000214 1756391161480227 21.413481 213	1049884 214 164	4906 1 1	0.650 -0.310 0.474
000215 1756391161581648 21.514902 214	1054790 215 165	4906 1 1	1.427 0.777 0.493
000216 1756391161681161 21.614415 215	1059696 216 166	4906 1 1	0.177 -1.250 0.540
000217 1756391161782379 21.715633 216	1064602 217 167	4906 1 1	0.304 0.127 0.515
000218 1756391161882750 21.816004 217	1069508 218 168	4906 1 1	0.142 -0.162 0.493
000219 1756391161983384 21.916638 218	1074414 219 169	4906 1 1	0.158 0.016 0.463
000220 1756391162084251 22.017505 219	1079320 220 170	4906 1 1	0.332 0.174 0.445
000221 1756391162184390 22.117644 220	1084226 221 171	4906 1 1	0.139 -0.193 0.429
000222 1756391162284698 22.217952 221	1089132 222 172	4906 1 1	0.150 0.011 0.403
000223 1756391162385367 22.318621 222	1094038 223 173	4906 1 1	0.257 0.107 0.384
000224 1756391162485456 22.418710 223	1098944 224 174	4906 1 1	0.059 -0.198 0.373
000225 1756391162586137 22.519391 224	1103850 225 175	4906 1 1	0.561 0.502 0.381
000226 1756391162686647 22.619901 225	1108756 226 176	4906 1 1	0.268 -0.293 0.375
000227 1756391162787172 22.720426 226	1113662 227 177	4906 1 1	0.545 0.277 0.369
000228 1756391162886847 22.820101 227	1118568 228 178	4906 1 1	-0.134 -0.679 0.389
000229 1756391162987998 22.921252 228	1123474 229 179	4906 1 1	0.204 0.338 0.385
000230 1756391163088391 23.021645 229	1128380 230 180	4906 1 1	0.294 0.090 0.367
000231 1756391163188497 23.121751 230	1133286 231 181	4906 1 1	0.072 -0.222 0.358
000232 1756391163289444 23.222698 231	1138192 232 182	4906 1 1	0.363 0.291 0.354
000233 1756391163389842 23.323096 232	1143098 233 183	4906 1 1	0.395 0.032 0.334
000234 1756391163490042 23.423296 233	1148004 234 184	4906 1 1	0.217 -0.178 0.324
000235 1756391163590687 23.523941 234	1152910 235 185	4906 1 1	0.069 -0.148 0.313
000236 1756391163691973 23.625227 235	1157816 236 186	4906 1 1	0.390 0.321 0.313
000237 1756391163793287 23.726541 236	1162722 237 187	4906 1 1	0.420 0.030 0.296
000238 1756391163893487 23.826741 237	1167628 238 188	4906 1 1	0.137 -0.283 0.295
000239 1756391163994483 23.927737 238	1172534 239 189	4906 1 1	0.406 0.269 0.293
000240 1756391164094941 24.028195 239	1177440 240 190	4906 1 1	0.365 -0.041 0.277
000241 1756391164196092 24.129346 240	1182346 241 191	4906 1 1	1.206 0.841 0.313
000242 1756391164296902 24.230156 241	1187252 242 192	4906 1 1	0.718 -0.488 0.324
000243 1756391164397151 24.330405 242	1192158 243 193	4906 1 1	0.562 -0.156 0.313
000244 1756391164498017 24.431271 243	1197064 244 194	4906 1 1	0.738 0.176 0.305
000245 1756391164599159 24.532413 244	1201970 245 195	4906 1 1	0.977 0.239 0.301
000246 1756391164699393 24.632647 245	1206876 246 196	4906 1 1	0.405 -0.572 0.317
000247 1756391164800424 24.733678 246	1211782 247 197	4906 1 1	0.700 0.295 0.316
000248 1756391164901529 24.834783 247	1216688 248 198	4906 1 1	0.678 -0.022 0.298
000249 1756391165001580 24.934834 248	1221594 249 199	4906 1 1	0.271 -0.407 0.305
000250 1756391165103456 25.036710 249	1226500 250 200	4906 1 1	1.586 1.315 0.368
000251 1756391165203405 25.136659 250	1231406 251 201	4906 1 1	0.948 -0.638 0.385
000252 1756391165304649 25.237903 251	1236312 252 202	4906 1 1	1.204 0.256 0.377
000253 1756391165404578 25.337832 252	1241218 253 203	4906 1 1	0.453 -0.751 0.400
000254 1756391165505283 25.438537 253	1246124 254 204	4906 1 1	0.438 -0.015 0.376
000255 1756391165605688 25.538942 254	1251030 255 205	4906 1 1	0.421 -0.017 0.353
000256 1756391165706197 25.639451 255	1255936 256 206	4906 1 1	0.522 0.101 0.338
000257 1756391165806586 25.739840 256	1260842 257 207	4906 1 1	0.529 0.007 0.317
000258 1756391165908134 25.841388 257	1265748 258 208	4906 1 1	0.658 0.129 0.305
000259 1756391166009283 25.942537 258	1270654 259 209	4906 1 1	0.433 -0.225 0.300
000260 1756391166109415 26.042669 259	1275560 260 210	4906 1 1	0.302 -0.131 0.290
000261 1756391166211972 26.145226 260	1280466 261 211	4906 1 1	1.787 1.485 0.364
000262 1756391166311895 26.245149 261	1285372 262 212	4906 1 1	0.571 -1.216 0.418
000263 1756391166412722 26.345976 262	1290278 263 213	4906 1 1	0.717 0.146 0.401
000264 1756391166513159 26.446413 263	1295184 264 214	4906 1 1	0.697 -0.020 0.377
000265 1756391166613370 26.546624 264	1300090 265 215	4906 1 1	0.506 -0.191 0.365
000266 1756391166714112 26.647366 265	1304996 266 216	4906 1 1	0.813 0.307 0.362
000267 1756391166815153 26.748407 266	1309902 267 217	4906 1 1	0.934 0.121 0.347
000268 1756391166915320 26.848574 267	1314808 268 218	4906 1 1	0.428 -0.506 0.357
000269 1756391167015379 26.948633 268	1319714 269 219	4906 1 1	0.092 -0.336 0.355
000270 1756391167116071 27.049325 269	1324620 270 220	4906 1 1	0.175 0.083 0.338
000271 1756391167216969 27.150223 270	1329526 271 221	4906 1 1	0.819 0.644 0.357
000272 1756391167316978 27.250232 271	1334432 272 222	4906 1 1	0.448 -0.371 0.358
000273 1756391167417319 27.350573 272	1339338 273 223	4906 1 1	0.563 0.115 0.343
000274 1756391167518183 27.451437 273	1344244 274 224	4906 1 1	0.099 -0.464 0.351
000275 1756391167619219 27.552473 274	1349150 275 225	4906 1 1	0.060 -0.039 0.331
000276 1756391167719668 27.652922 275	1354056 276 226	4906 1 1	0.160 0.100 0.317
000277 1756391167820560 27.753814 276	1358962 277 227	4906 1 1	0.272 0.112 0.304
000278 1756391167921025 27.854279 277	1363868 278 228	4906 1 1	0.357 0.085 0.290
000279 1756391168021280 27.954534 278	1368774 279 229	4906 1 1	0.199 -0.158 0.282
000280 1756391168123025 28.056279 279	1373680 280 230	4906 1 1	0.796 0.597 0.302
000281 1756391168223399 28.156653 280	1378586 281 231	4906 1 1	0.463 -0.333 0.304
000282 1756391168323569 28.256823 281	1383492 282 232	4906 1 1	0.257 -0.206 0.297
000283 1756391168424298 28.357552 282	1388398 283 233	4906 1 1	0.378 0.121 0.286
000284 1756391168525536 28.458790 283	1393304 284 234	4906 1 1	0.569 0.191 0.280
000285 1756391168627151 28.560405 284	1398210 285 235	4906 1 1	0.606 0.037 0.265
000286 1756391168727435 28.660689 285	1403116 286 236	4906 1 1	0.271 -0.335 0.270
000287 1756391168828116 28.761370 286	1408022 287 237	4906 1 1	0.401 0.130 0.261
000288 1756391168929071 28.862325 287	1412928 288 238	4906 1 1	0.915 0.514 0.277
000289 1756391169029219 28.962473 288	1417834 289 239	4906 1 1	0.711 -0.204 0.272
000290 1756391169130429 29.063683 289	1422740 290 240	4906 1 1	0.479 -0.232 0.270
000291 1756391169230724 29.163978 290	1427646 291 241	4906 1 1	0.393 -0.086 0.258
000292 1756391169331393 29.264647 291	1432552 292 242	4906 1 1	0.451 0.058 0.246
000293 1756391169432254 29.365508 292	1437458 293 243	4906 1 1	0.339 -0.112 0.237
000294 1756391169533085 29.466339 293	1442364 294 244	4906 1 1	0.436 0.097 0.229
000295 1756391169633300 29.566554 294	1447270 295 245	4906 1 1	0.327 -0.109 0.221
000296 1756391169733852 29.667106 295	1452176 296 246	4906 1 1	0.301 -0.026 0.209
000297 1756391169834527 29.767781 296	1457082 297 247	4906 1 1	0.535 0.234 0.210
000298 1756391169935544 29.868798 297	1461988 298 248	4906 1 1	0.343 -0.192 0.209
000299 1756391170036293 29.969547 298	1466894 299 249	4906 1 1	0.451 0.108 0.203
000300 1756391170137429 30.070683 299	1471800 300 250	4906 1 1	0.309 -0.142 0.199
000301 1756391170238019 30.171273 300	1476706 301 251	4906 1 1	0.169 -0.140 0.195
000302 1756391170338363 30.271617 301	1481612 302 252	4906 1 1	0.286 0.117 0.191
000303 1756391170439005 30.372259 302	1486518 303 253	4906 1 1	0.456 0.170 0.189
000304 1756391170539912 30.473166 303	1491424 304 254	4906 1 1	0.576 0.120 0.185
000305 1756391170640407 30.573661 304	1496330 305 255	4906 1 1	0.559 -0.017 0.174
000306 1756391170741285 30.674539 305	1501236 306 256	4906 1 1	0.755 0.196 0.176
000307 1756391170841252 30.774506 306	1506142 307 257	4906 1 1	0.296 -0.459 0.193
000308 1756391170941737 30.874991 307	1511048 308 258	4906 1 1	0.153 -0.143 0.190
000309 1756391171042005 30.975259 308	1515954 309 259	4906 1 1	0.069 -0.084 0.184
000310 1756391171143098 31.076352 309	1520860 310 260	4906 1 1	0.752 0.683 0.215
000311 1756391171243751 31.177005 310	1525766 311 261	4906 1 1	0.389 -0.363 0.224
000312 1756391171343956 31.277210 311	1530672 312 262	4906 1 1	0.225 -0.164 0.220
000313 1756391171444432 31.377686 312	1535578 313 263	4906 1 1	-0.046 -0.271 0.224
000314 1756391171545026 31.478280 313	1540484 314 264	4906 1 1	0.315 0.361 0.232
000315 1756391171645155 31.578409 314	1545390 315 265	4906 1 1	0.053 -0.262 0.234
000316 1756391171745315 31.678569 315	1550296 316 266	4906 1 1	-0.054 -0.107 0.226
000317 1756391171845992 31.779246 316	1555202 317 267	4906 1 1	0.376 0.430 0.239
000318 1756391171946079 31.879333 317	1560108 318 268	4906 1 1	0.271 -0.105 0.230
000319 1756391172046794 31.980048 318	1565014 319 269	4906 1 1	0.363 0.092 0.222
000320 1756391172147315 32.080569 319	1569920 320 270	4906 1 1	0.369 0.006 0.208
000321 1756391172248370 32.181624 320	1574826 321 271	4906 1 1	0.844 0.475 0.225
000322 1756391172348341 32.281595 321	1579732 322 272	4906 1 1	0.213 -0.631 0.250
000323 1756391172448773 32.382027 322	1584638 323 273	4906 1 1	-0.072 -0.285 0.253
000324 1756391172549535 32.482789 323	1589544 324 274	4906 1 1	0.327 0.399 0.262
000325 1756391172650263 32.583517 324	1594450 325 275	4906 1 1	0.338 0.011 0.246
000326 1756391172752014 32.685268 325	1599356 326 276	4906 1 1	1.265 0.927 0.289
000327 1756391172851479 32.784733 326	1604262 327 277	4906 1 1	0.182 -1.083 0.338
000328 1756391172952160 32.885414 327	1609168 328 278	4906 1 1	0.025 -0.157 0.327
000329 1756391173053566 32.986820 328	1614074 329 279	4906 1 1	0.617 0.592 0.343
000330 1756391173154293 33.087547 329	1618980 330 280	4906 1 1	0.656 0.039 0.324
000331 1756391173254102 33.187356 330	1623886 331 281	4906 1 1	0.100 -0.556 0.339
000332 1756391173355058 33.288312 331	1628792 332 282	4906 1 1	0.173 0.073 0.322
000333 1756391173455559 33.388813 332	1633698 333 283	4906 1 1	-0.021 -0.194 0.314
000334 1756391173556400 33.489654 333	1638604 334 284	4906 1 1	0.288 0.309 0.314
000335 1756391173657699 33.590953 334	1643510 335 285	4906 1 1	0.473 0.185 0.306
000336 1756391173758372 33.691626 335	1648416 336 286	4906 1 1	0.595 0.122 0.294
000337 1756391173858649 33.791903 336	1653322 337 287	4906 1 1	0.349 -0.246 0.291
000338 1756391173960525 33.893779 337	1658228 338 288	4906 1 1	0.900 0.551 0.308
000339 1756391174060796 33.994050 338	1663134 339 289	4906 1 1	0.613 -0.287 0.306
000340 1756391174161196 34.094450 339	1668040 340 290	4906 1 1	0.339 -0.274 0.304
000341 1756391174261433 34.194687 340	1672946 341 291	4906 1 1	0.282 -0.057 0.289
000342 1756391174361799 34.295053 341	1677852 342 292	4906 1 1	0.172 -0.110 0.278
000343 1756391174462447 34.395701 342	1682758 343 293	4906 1 1	0.618 0.446 0.288
000344 1756391174563117 34.496371 343	1687664 344 294	4906 1 1	0.586 -0.032 0.272
000345 1756391174663669 34.596923 344	1692570 345 295	4906 1 1	0.327 -0.259 0.271
000346 1756391174764142 34.697396 345	1697476 346 296	4906 1 1	0.338 0.011 0.255
000347 1756391174865116 34.798370 346	1702382 347 297	4906 1 1	0.837 0.499 0.270
000348 1756391174965130 34.898384 347	1707288 348 298	4906 1 1	0.583 -0.254 0.269
000349 1756391175065368 34.998622 348	1712194 349 299	4906 1 1	0.471 -0.112 0.259
000350 1756391175166412 35.099666 349	1717100 350 300	4906 1 1	0.610 0.139 0.252
000351 1756391175266452 35.199706 350	1722006 351 301	4906 1 1	0.146 -0.464 0.265
000352 1756391175367350 35.300604 351	1726912 352 302	4906 1 1	0.257 0.111 0.256
000353 1756391175467418 35.400672 352	1731818 353 303	4906 1 1	-0.092 -0.349 0.261
000354 1756391175568027 35.501281 353	1736724 354 304	4906 1 1	-0.163 -0.071 0.249
000355 1756391175668884 35.602138 354	1741630 355 305	4906 1 1	0.144 0.307 0.253
000356 1756391175769072 35.702326 355	1746536 356 306	4906 1 1	-0.125 -0.269 0.254
000357 1756391175870922 35.804176 356	1751442 357 307	4906 1 1	0.256 0.381 0.262
000358 1756391175970962 35.904216 357	1756348 358 308	4906 1 1	0.083 -0.173 0.256
000359 1756391176071155 36.004409 358	1761254 359 309	4906 1 1	-0.125 -0.208 0.253
000360 1756391176171717 36.104971 359	1766160 360 310	4906 1 1	0.172 0.297 0.256
000361 1756391176272321 36.205575 360	1771066 361 311	4906 1 1	0.142 -0.030 0.242
000362 1756391176372998 36.306252 361	1775972 362 312	4906 1 1	0.164 0.022 0.228
000363 1756391176474334 36.407588 362	1780878 363 313	4906 1 1	0.436 0.272 0.231
000364 1756391176574404 36.507658 363	1785784 364 314	4906 1 1	0.111 -0.325 0.237
000365 1756391176675036 36.608290 364	1790690 365 315	4906 1 1	0.144 0.033 0.224
000366 1756391176775831 36.709085 365	1795596 366 316	4906 1 1	0.231 0.087 0.216
000367 1756391176876932 36.810186 366	1800502 367 317	4906 1 1	0.750 0.519 0.235
000368 1756391176977333 36.910587 367	1805408 368 318	4906 1 1	0.694 -0.056 0.223
000369 1756391177077993 37.011247 368	1810314 369 319	4906 1 1	0.879 0.185 0.221
000370 1756391177178279 37.111533 369	1815220 370 320	4906 1 1	0.598 -0.281 0.225
000371 1756391177279475 37.212729 370	1820126 371 321	4906 1 1	0.558 -0.040 0.213
000372 1756391177380539 37.313793 371	1825032 372 322	4906 1 1	0.624 0.066 0.204
000373 1756391177480424 37.413678 372	1829938 373 323	4906 1 1	0.324 -0.300 0.210
000374 1756391177581234 37.514488 373	1834844 374 324	4906 1 1	0.406 0.082 0.202
000375 1756391177681948 37.615202 374	1839750 375 325	4906 1 1	0.739 0.333 0.210
000376 1756391177782454 37.715708 375	1844656 376 326	4906 1 1	0.615 -0.124 0.205
000377 1756391177882584 37.815838 376	1849562 377 327	4906 1 1	0.171 -0.444 0.220
000378 1756391177983332 37.916586 377	1854468 378 328	4906 1 1	0.282 0.111 0.213
000379 1756391178084564 38.017818 378	1859374 379 329	4906 1 1	0.759 0.477 0.229
000380 1756391178184785 38.118039 379	1864280 380 330	4906 1 1	0.311 -0.448 0.243
000381 1756391178285241 38.218495 380	1869186 381 331	4906 1 1	0.434 0.123 0.236
000382 1756391178386169 38.319423 381	1874092 382 332	4906 1 1	0.506 0.072 0.225
000383 1756391178487344 38.420598 382	1878998 383 333	4906 1 1	0.207 -0.299 0.230
000384 1756391178587510 38.520764 383	1883904 384 334	4906 1 1	0.031 -0.176 0.227
000385 1756391178687638 38.620892 384	1888810 385 335	4906 1 1	-0.095 -0.126 0.220
000386 1756391178788371 38.721625 385	1893716 386 336	4906 1 1	0.117 0.212 0.220
000387 1756391178889055 38.822309 386	1898622 387 337	4906 1 1	0.217 0.100 0.212
000388 1756391178989219 38.922473 387	1903528 388 338	4906 1 1	0.093 -0.124 0.207
000389 1756391179089519 39.022773 388	1908434 389 339	4906 1 1	0.036 -0.057 0.197
000390 1756391179190723 39.123977 389	1913340 390 340	4906 1 1	0.059 0.023 0.187
000391 1756391179291081 39.224335 390	1918246 391 341	4906 1 1	0.092 0.033 0.177
000392 1756391179391424 39.324678 391	1923152 392 342	4906 1 1	0.218 0.126 0.174
000393 1756391179491958 39.425212 392	1928058 393 343	4906 1 1	0.231 0.013 0.164
000394 1756391179592160 39.525414 393	1932964 394 344	4906 1 1	0.195 -0.036 0.156
000395 1756391179692340 39.625594 394	1937870 395 345	4906 1 1	0.058 -0.137 0.155
000396 1756391179792645 39.725899 395	1942776 396 346	4906 1 1	0.043 -0.015 0.146
000397 1756391179892931 39.826185 396	1947682 397 347	4906 1 1	0.080 0.037 0.139
000398 1756391179993498 39.926752 397	1952588 398 348	4906 1 1	0.128 0.048 0.133
000399 1756391180093985 40.027239 398	1957494 399 349	4906 1 1	0.286 0.158 0.135
000400 1756391180194166 40.127420 399	1962400 400 350	4906 1 1	0.194 -0.092 0.132
000401 1756391180295051 40.228305 400	1967306 401 351	4906 1 1	0.081 -0.113 0.131
000402 1756391180396367 40.329621 401	1972212 402 352	4906 1 1	0.383 0.302 0.142
000403 1756391180496621 40.429875 402	1977118 403 353	4906 1 1	0.359 -0.024 0.134
000404 1756391180597714 40.530968 403	1982024 404 354	4906 1 1	0.400 0.041 0.128
000405 1756391180698224 40.631478 404	1986930 405 355	4906 1 1	0.476 0.076 0.125
000406 1756391180798772 40.732026 405	1991836 406 356	4906 1 1	0.134 -0.342 0.139
000407 1756391180899329 40.832583 406	1996742 407 357	4906 1 1	0.383 0.249 0.146
000408 1756391180999323 40.932577 407	2001648 408 358	4906 1 1	0.149 -0.234 0.151
000409 1756391181099649 41.032903 408	2006554 409 359	4906 1 1	0.027 -0.122 0.149
000410 1756391181200287 41.133541 409	2011460 410 360	4906 1 1	0.254 0.227 0.154
000411 1756391181301356 41.234610 410	2016366 411 361	4906 1 1	0.454 0.200 0.157
000412 1756391181403271 41.336525 411	2021272 412 362	4906 1 1	0.377 -0.077 0.152
000413 1756391181504098 41.437352 412	2026178 413 363	4906 1 1	0.452 0.075 0.147
000414 1756391181605108 41.538362 413	2031084 414 364	4906 1 1	0.441 -0.011 0.139
000415 1756391181705555 41.638809 414	2035990 415 365	4906 1 1	0.249 -0.192 0.142
000416 1756391181805955 41.739209 415	2040896 416 366	4906 1 1	0.286 0.037 0.135
000417 1756391181906616 41.839870 416	2045802 417 367	4906 1 1	0.302 0.016 0.128
000418 1756391182006913 41.940167 417	2050708 418 368	4906 1 1	0.221 -0.081 0.125
000419 1756391182107290 42.040544 418	2055614 419 369	4906 1 1	0.251 0.030 0.119
000420 1756391182208056 42.141310 419	2060520 420 370	4906 1 1	0.688 0.437 0.139
000421 1756391182307995 42.241249 420	2065426 421 371	4906 1 1	0.205 -0.483 0.161
000422 1756391182409249 42.342503 421	2070332 422 372	4906 1 1	0.178 -0.027 0.152
000423 1756391182510690 42.443944 422	2075238 423 373	4906 1 1	0.633 0.455 0.171
000424 1756391182611022 42.544276 423	2080144 424 374	4906 1 1	0.480 -0.153 0.170
000425 1756391182711230 42.644484 424	2085050 425 375	4906 1 1	0.256 -0.224 0.173
000426 1756391182812546 42.745800 425	2089956 426 376	4906 1 1	0.531 0.275 0.180
000427 1756391182913520 42.846774 426	2094862 427 377	4906 1 1	0.574 0.043 0.171
000428 1756391183014122 42.947376 427	2099768 428 378	4906 1 1	0.695 0.121 0.168
000429 1756391183114896 43.048150 428	2104674 429 379	4906 1 1	0.986 0.291 0.176
000430 1756391183216257 43.149511 429	2109580 430 380	4906 1 1	1.080 0.094 0.171
000431 1756391183316024 43.249278 430	2114486 431 381	4906 1 1	0.389 -0.691 0.203
000432 1756391183416875 43.350129 431	2119392 432 382	4906 1 1	0.683 0.294 0.209
000433 1756391183517557 43.450811 432	2124298 433 383	4906 1 1	0.539 -0.144 0.205
000434 1756391183618491 43.551745 433	2129204 434 384	4906 1 1	0.714 0.175 0.203
000435 1756391183718907 43.652161 434	2134110 435 385	4906 1 1	0.503 -0.211 0.203
000436 1756391183819571 43.752825 435	2139016 436 386	4906 1 1	0.439 -0.064 0.195
000437 1756391183922519 43.855773 436	2143922 437 387	4906 1 1	0.662 0.223 0.196
000438 1756391184022433 43.955687 437	2148828 438 388	4906 1 1	0.176 -0.486 0.215
000439 1756391184122985 44.056239 438	2153734 439 389	4906 1 1	0.195 0.019 0.202
000440 1756391184223324 44.156578 439	2158640 440 390	4906 1 1	-0.002 -0.197 0.202
000441 1756391184324352 44.257606 440	2163546 441 391	4906 1 1	0.200 0.202 0.202
000442 1756391184425313 44.358567 441	2168452 442 392	4906 1 1	0.654 0.454 0.218
000443 1756391184525540 44.458794 442	2173358 443 393	4906 1 1	0.571 -0.083 0.209
000444 1756391184626535 44.559789 443	2178264 444 394	4906 1 1	1.259 0.688 0.239
000445 1756391184726344 44.659598 444	2183170 445 395	4906 1 1	0.275 -0.984 0.286
000446 1756391184827364 44.760618 445	2188076 446 396	4906 1 1	0.728 0.453 0.296
000447 1756391184928270 44.861524 446	2192982 447 397	4906 1 1	0.625 -0.103 0.284
000448 1756391185030146 44.963400 447	2197888 448 398	4906 1 1	0.955 0.330 0.287
000449 1756391185130766 45.064020 448	2202794 449 399	4906 1 1	1.010 0.055 0.273
000450 1756391185230507 45.163761 449	2207700 450 400	4906 1 1	0.585 -0.425 0.282
000451 1756391185331208 45.264462 450	2212606 451 401	4906 1 1	0.737 0.152 0.274
000452 1756391185431264 45.364518 451	2217512 452 402	4906 1 1	0.399 -0.338 0.278
000453 1756391185532354 45.465608 452	2222418 453 403	4906 1 1	0.827 0.428 0.287
000454 1756391185634038 45.567292 453	2227324 454 404	4906 1 1	0.794 -0.033 0.271
000455 1756391185734118 45.667372 454	2232230 455 405	4906 1 1	0.261 -0.533 0.288
000456 1756391185835726 45.768980 455	2237136 456 406	4906 1 1	0.867 0.606 0.308
000457 1756391185935935 45.869189 456	2242042 457 407	4906 1 1	0.710 -0.157 0.298
000458 1756391186036996 45.970250 457	2246948 458 408	4906 1 1	0.909 0.199 0.292
000459 1756391186140188 46.073442 458	2251854 459 409	4906 1 1	3.185 2.276 0.416
000460 1756391186238091 46.171345 459	2256760 460 410	4906 1 1	0.480 -2.705 0.559
000461 1756391186339037 46.272291 460	2261666 461 411	4906 1 1	0.795 0.315 0.544
000462 1756391186439583 46.372837 461	2266572 462 412	4906 1 1	0.847 0.052 0.513
000463 1756391186540888 46.474142 462	2271478 463 413	4906 1 1	0.782 -0.065 0.485
000464 1756391186642997 46.576251 463	2276384 464 414	4906 1 1	1.719 0.937 0.513
000465 1756391186742373 46.675627 464	2281290 465 415	4906 1 1	0.535 -1.184 0.555
000466 1756391186843107 46.776361 465	2286196 466 416	4906 1 1	0.574 0.039 0.523
000467 1756391186943515 46.876769 466	2291102 467 417	4906 1 1	0.336 -0.238 0.505
000468 1756391187044218 46.977472 467	2296008 468 418	4906 1 1	0.327 -0.009 0.474
000469 1756391187145104 47.078358 468	2300914 469 419	4906 1 1	0.961 0.634 0.484
000470 1756391187246676 47.179930 469	2305820 470 420	4906 1 1	0.776 -0.185 0.465
000471 1756391187347148 47.280402 470	2310726 471 421	4906 1 1	0.825 0.049 0.439
000472 1756391187447552 47.380806 471	2315632 472 422	4906 1 1	0.824 -0.001 0.412
000473 1756391187547963 47.481217 472	2320538 473 423	4906 1 1	0.769 -0.055 0.390
000474 1756391187648458 47.581712 473	2325444 474 424	4906 1 1	0.479 -0.290 0.383
000475 1756391187749992 47.683246 474	2330350 475 425	4906 1 1	1.550 1.071 0.426
000476 1756391187849731 47.782985 475	2335256 476 426	4906 1 1	0.680 -0.870 0.454
000477 1756391187950036 47.883290 476	2340162 477 427	4906 1 1	0.465 -0.215 0.439
000478 1756391188050397 47.983651 477	2345068 478 428	4906 1 1	0.490 0.025 0.413
000479 1756391188151044 48.084298 478	2349974 479 429	4906 1 1	0.463 -0.027 0.389
000480 1756391188252739 48.185993 479	2354880 480 430	4906 1 1	1.680 1.217 0.441
000481 1756391188352210 48.285464 480	2359786 481 431	4906 1 1	0.439 -1.241 0.491
000482 1756391188452124 48.385378 481	2364692 482 432	4906 1 1	0.039 -0.400 0.485
000483 1756391188552483 48.485737 482	2369598 483 433	4906 1 1	0.226 0.187 0.467
000484 1756391188653150 48.586404 483	2374504 484 434	4906 1 1	0.484 0.258 0.454
000485 1756391188754134 48.687388 484	2379410 485 435	4906 1 1	1.126 0.642 0.465
000486 1756391188853703 48.786957 485	2384316 486 436	4906 1 1	0.249 -0.877 0.491
000487 1756391188954194 48.887448 486	2389222 487 437	4906 1 1	0.310 0.061 0.464
000488 1756391189055213 48.988467 487	2394128 488 438	4906 1 1	0.598 0.288 0.453
000489 1756391189155431 49.088685 488	2399034 489 439	4906 1 1	0.496 -0.102 0.431
000490 1756391189257034 49.190288 489	2403940 490 440	4906 1 1	1.242 0.746 0.451
000491 1756391189356768 49.290022 490	2408846 491 441	4906 1 1	0.626 -0.616 0.461
000492 1756391189456605 49.389859 491	2413752 492 442	4906 1 1	0.114 -0.512 0.464
000493 1756391189557835 49.491089 492	2418658 493 443	4906 1 1	0.676 0.562 0.470
000494 1756391189658243 49.591497 493	2423564 494 444	4906 1 1	0.465 -0.211 0.454
000495 1756391189759280 49.692534 494	2428470 495 445	4906 1 1	0.721 0.256 0.442
000496 1756391189859317 49.792571 495	2433376 496 446	4906 1 1	0.378 -0.343 0.436
000497 1756391189960284 49.893538 496	2438282 497 447	4906 1 1	0.548 0.170 0.419
000498 1756391190060619 49.993873 497	2443188 498 448	4906 1 1	0.381 -0.167 0.403
000499 1756391190161642 50.094896 498	2448094 499 449	4906 1 1	0.590 0.209 0.391
000500 1756391190262235 50.195489 499	2453000 500 450	4906 1 1	0.740 0.150 0.376
000501 1756391190362403 50.295657 500	2457906 501 451	4906 1 1	0.421 -0.319 0.373
000502 1756391190463023 50.396277 501	2462812 502 452	4906 1 1	0.336 -0.085 0.355
000503 1756391190563730 50.496984 502	2467718 503 453	4906 1 1	0.595 0.259 0.349
000504 1756391190664241 50.597495 503	2472624 504 454	4906 1 1	0.341 -0.254 0.343
000505 1756391190765510 50.698764 504	2477530 505 455	4906 1 1	0.669 0.328 0.342
000506 1756391190866175 50.799429 505	2482436 506 456	4906 1 1	0.727 0.058 0.324
000507 1756391190966893 50.900147 506	2487342 507 457	4906 1 1	0.710 -0.017 0.305
000508 1756391191067300 51.000554 507	2492248 508 458	4906 1 1	0.779 0.069 0.290
000509 1756391191166959 51.100213 508	2497154 509 459	4906 1 1	0.098 -0.681 0.315
000510 1756391191267915 51.201169 509	2502060 510 460	4906 1 1	0.612 0.514 0.327
000511 1756391191368385 51.301639 510	2506966 511 461	4906 1 1	0.639 0.027 0.308
000512 1756391191468707 51.401961 511	2511872 512 462	4906 1 1	0.555 -0.084 0.294
000513 1756391191569103 51.502357 512	2516778 513 463	4906 1 1	0.557 0.002 0.276
000514 1756391191669095 51.602349 513	2521684 514 464	4906 1 1	0.271 -0.286 0.277
000515 1756391191770121 51.703375 514	2526590 515 465	4906 1 1	0.557 0.286 0.277
000516 1756391191870393 51.803647 515	2531496 516 466	4906 1 1	0.454 -0.103 0.266
000517 1756391191971243 51.904497 516	2536402 517 467	4906 1 1	0.519 0.065 0.254
000518 1756391192072055 52.005309 517	2541308 518 468	4906 1 1	0.689 0.170 0.248
000519 1756391192172127 52.105381 518	2546214 519 469	4906 1 1	0.205 -0.484 0.263
000520 1756391192273023 52.206277 519	2551120 520 470	4906 1 1	0.535 0.330 0.267
000521 1756391192373314 52.306568 520	2556026 521 471	4906 1 1	0.360 -0.175 0.262
000522 1756391192473736 52.406990 521	2560932 522 472	4906 1 1	0.230 -0.130 0.253
000523 1756391192574291 52.507545 522	2565838 523 473	4906 1 1	0.267 0.037 0.240
000524 1756391192674386 52.607640 523	2570744 524 474	4906 1 1	0.004 -0.263 0.241
000525 1756391192775230 52.708484 524	2575650 525 475	4906 1 1	0.523 0.519 0.259
000526 1756391192875972 52.809226 525	2580556 526 476	4906 1 1	0.384 -0.139 0.251
000527 1756391192976392 52.909646 526	2585462 527 477	4906 1 1	0.398 0.014 0.236
000528 1756391193077220 53.010474 527	2590368 528 478	4906 1 1	0.459 0.061 0.225
000529 1756391193178212 53.111466 528	2595274 529 479	4906 1 1	0.440 -0.019 0.212
000530 1756391193278785 53.212039 529	2600180 530 480	4906 1 1	0.624 0.184 0.211
000531 1756391193379454 53.312708 530	2605086 531 481	4906 1 1	0.667 0.043 0.200
000532 1756391193480260 53.413514 531	2609992 532 482	4906 1 1	0.506 -0.161 0.198
000533 1756391193581056 53.514310 532	2614898 533 483	4906 1 1	0.401 -0.105 0.192
000534 1756391193681247 53.614501 533	2619804 534 484	4906 1 1	0.285 -0.116 0.187
000535 1756391193782251 53.715505 534	2624710 535 485	4906 1 1	0.614 0.329 0.196
000536 1756391193882519 53.815773 535	2629616 536 486	4906 1 1	0.426 -0.188 0.196
000537 1756391193983173 53.916427 536	2634522 537 487	4906 1 1	0.519 0.093 0.189
000538 1756391194084015 54.017269 537	2639428 538 488	4906 1 1	0.606 0.087 0.183
000539 1756391194184596 54.117850 538	2644334 539 489	4906 1 1	0.735 0.129 0.179
000540 1756391194285021 54.218275 539	2649240 540 490	4906 1 1	0.659 -0.076 0.173
000541 1756391194385429 54.318683 540	2654146 541 491	4906 1 1	0.557 -0.102 0.169
000542 1756391194485692 54.418946 541	2659052 542 492	4906 1 1	0.349 -0.208 0.171
000543 1756391194586273 54.519527 542	2663958 543 493	4906 1 1	0.490 0.141 0.169
000544 1756391194686528 54.619782 543	2668864 544 494	4906 1 1	0.406 -0.084 0.164
000545 1756391194787172 54.720426 544	2673770 545 495	4906 1 1	0.528 0.122 0.161
000546 1756391194887421 54.820675 545	2678676 546 496	4906 1 1	0.457 -0.071 0.156
000547 1756391194987581 54.920835 546	2683582 547 497	4906 1 1	-0.001 -0.458 0.174
000548 1756391195088304 55.021558 547	2688488 548 498	4906 1 1	0.315 0.316 0.183
000549 1756391195188714 55.121968 548	2693394 549 499	4906 1 1	0.241 -0.074 0.176
000550 1756391195289438 55.222692 549	2698300 550 500	4906 1 1	0.445 0.204 0.178
000551 1756391195390263 55.323517 550	2703206 551 501	4906 1 1	0.495 0.050 0.170
000552 1756391195491418 55.424672 551	2708112 552 502	4906 1 1	0.657 0.162 0.170
000553 1756391195591982 55.525236 552	2713018 553 503	4906 1 1	0.645 -0.012 0.160
000554 1756391195692146 55.625400 553	2717924 554 504	4906 1 1	0.483 -0.162 0.160
000555 1756391195792389 55.725643 554	2722830 555 505	4906 1 1	0.398 -0.085 0.155
000556 1756391195892895 55.826149 555	2727736 556 506	4906 1 1	0.410 0.012 0.146
000557 1756391195993346 55.926600 556	2732642 557 507	4906 1 1	0.369 -0.041 0.140
000558 1756391196094038 56.027292 557	2737548 558 508	4906 1 1	0.562 0.193 0.143
000559 1756391196195166 56.128420 558	2742454 559 509	4906 1 1	0.487 -0.075 0.139
000560 1756391196295511 56.228765 559	2747360 560 510	4906 1 1	0.543 0.056 0.134
000561 1756391196396029 56.329283 560	2752266 561 511	4906 1 1	0.547 0.004 0.126
000562 1756391196496417 56.429671 561	2757172 562 512	4906 1 1	0.431 -0.116 0.125
000563 1756391196597275 56.530529 562	2762078 563 513	4906 1 1	0.372 -0.059 0.121
000564 1756391196698309 56.631563 563	2766984 564 514	4906 1 1	0.422 0.050 0.116
000565 1756391196798505 56.731759 564	2771890 565 515	4906 1 1	0.119 -0.303 0.128
000566 1756391196899250 56.832504 565	2776796 566 516	4906 1 1	0.372 0.253 0.136
000567 1756391197000454 56.933708 566	2781702 567 517	4906 1 1	0.488 0.116 0.135
000568 1756391197101001 57.034255 567	2786608 568 518	4906 1 1	0.602 0.114 0.133
000569 1756391197201376 57.134630 568	2791514 569 519	4906 1 1	0.464 -0.138 0.134
000570 1756391197302593 57.235847 569	2796420 570 520	4906 1 1	0.530 0.066 0.129
000571 1756391197403127 57.336381 570	2801326 571 521	4906 1 1	0.590 0.060 0.125
000572 1756391197503507 57.436761 571	2806232 572 522	4906 1 1	0.601 0.011 0.118
000573 1756391197604457 57.537711 572	2811138 573 523	4906 1 1	0.735 0.134 0.119
000574 1756391197705701 57.638955 573	2816044 574 524	4906 1 1	0.761 0.026 0.113
000575 1756391197806218 57.739472 574	2820950 575 525	4906 1 1	0.570 -0.191 0.118
000576 1756391197906396 57.839650 575	2825856 576 526	4906 1 1	0.452 -0.118 0.118
000577 1756391198007578 57.940832 576	2830762 577 527	4906 1 1	0.655 0.203 0.123
000578 1756391198108120 58.041374 577	2835668 578 528	4906 1 1	0.541 -0.114 0.123
000579 1756391198208989 58.142243 578	2840574 579 529	4906 1 1	1.055 0.514 0.147
000580 1756391198309102 58.242356 579	2845480 580 530	4906 1 1	0.466 -0.589 0.175
000581 1756391198409521 58.342775 580	2850386 581 531	4906 1 1	0.519 0.053 0.167
000582 1756391198509660 58.442914 581	2855292 582 532	4906 1 1	0.202 -0.317 0.177
000583 1756391198610330 58.543584 582	2860198 583 533	4906 1 1	0.480 0.278 0.183
000584 1756391198710515 58.643769 583	2865104 584 534	4906 1 1	0.020 -0.460 0.200
000585 1756391198811274 58.744528 584	2870010 585 535	4906 1 1	0.390 0.370 0.211
000586 1756391198912013 58.845267 585	2874916 586 536	4906 1 1	0.587 0.197 0.210
000587 1756391199012403 58.945657 586	2879822 587 537	4906 1 1	0.389 -0.198 0.209
000588 1756391199113165 59.046419 587	2884728 588 538	4906 1 1	0.702 0.313 0.216
000589 1756391199213406 59.146660 588	2889634 589 539	4906 1 1	0.470 -0.232 0.217
000590 1756391199314182 59.247436 589	2894540 590 540	4906 1 1	0.705 0.235 0.218
000591 1756391199414583 59.347837 590	2899446 591 541	4906 1 1	0.411 -0.294 0.223
000592 1756391199515218 59.448472 591	2904352 592 542	4906 1 1	0.465 0.054 0.212
000593 1756391199616233 59.549487 592	2909258 593 543	4906 1 1	0.686 0.221 0.213
000594 1756391199716265 59.649519 593	2914164 594 544	4906 1 1	0.337 -0.349 0.221
000595 1756391199816443 59.749697 594	2919070 595 545	4906 1 1	0.251 -0.086 0.213
000596 1756391199917147 59.850401 595	2923976 596 546	4906 1 1	0.606 0.355 0.222
000597 1756391200017398 59.950652 596	2928882 597 547	4906 1 1	0.426 -0.180 0.219
