AbsTime RelTime SeqNumber	AbsBytes AbsPackets AbsFrames	RelBytes RelPackets RelFrames	Delay PrevPacketDelayDiff Jitter
000001 1756391140396177 0.327658 1	1024 2 0	512 1 0	1.560 -1.882 0.319
000002 1756391140731166 0.662647 2	1536 3 0	512 1 0	1.662 0.102 0.306
000003 1756391141065562 0.997043 3	2048 4 0	512 1 0	1.678 0.016 0.288
000004 1756391141399706 1.331187 4	2560 5 0	512 1 0	1.395 -0.283 0.287
000005 1756391141734512 1.665993 5	3072 6 0	512 1 0	1.608 0.213 0.283
000006 1756391142069719 2.001200 6	3584 7 0	512 1 0	2.038 0.430 0.292
000007 1756391142404594 2.336075 7	4096 8 0	512 1 0	1.596 -0.442 0.301
000008 1756391142739476 2.670957 8	4608 9 0	512 1 0	1.468 -0.128 0.290
000009 1756391143076237 3.007718 9	5120 10 0	512 1 0	3.246 1.778 0.383
000010 1756391143409460 3.340941 10	5632 11 0	512 1 0	1.491 -1.755 0.469
000011 1756391143744159 3.675640 11	6144 12 0	512 1 0	1.514 0.023 0.441
000012 1756391144078850 4.010331 12	6656 13 0	512 1 0	1.673 0.159 0.424
000013 1756391144413961 4.345442 13	7168 14 0	512 1 0	1.751 0.078 0.402
000014 1756391144748599 4.680080 14	7680 15 0	512 1 0	1.643 -0.108 0.384
000015 1756391145083903 5.015384 15	8192 16 1	512 1 1	2.311 0.668 0.401
000016 1756391145417562 5.349043 16	8704 17 2	512 1 1	1.699 -0.612 0.415
000017 1756391145752207 5.683688 17	9216 18 3	512 1 1	1.319 -0.380 0.412
000018 1756391146087052 6.018533 18	9728 19 4	512 1 1	1.391 0.072 0.391
000019 1756391146421582 6.353063 19	10240 20 5	512 1 1	1.229 -0.162 0.377
000020 1756391146756740 6.688221 20	10752 21 6	512 1 1	1.555 0.326 0.374
000021 1756391147091338 7.022819 21	11264 22 7	512 1 1	1.672 0.117 0.358
000022 1756391147427051 7.358532 22	11776 23 8	512 1 1	2.722 1.050 0.401
000023 1756391147760606 7.692087 23	12288 24 9	512 1 1	1.602 -1.120 0.446
000024 1756391148095907 8.027388 24	12800 25 10	512 1 1	1.401 -0.201 0.431
000025 1756391148431650 8.363131 25	13312 26 11	512 1 1	1.739 0.338 0.425
000026 1756391148766518 8.697999 26	13824 27 12	512 1 1	1.755 0.016 0.399
000027 1756391149101907 9.033388 27	14336 28 13	512 1 1	1.455 -0.300 0.393
000028 1756391149436705 9.368186 28	14848 29 14	512 1 1	1.519 0.064 0.372
000029 1756391149771541 9.703022 29	15360 30 15	512 1 1	1.597 0.078 0.354
000030 1756391150106472 10.037953 30	15872 31 16	512 1 1	1.465 -0.132 0.340
000031 1756391150441707 10.373188 31	16384 32 17	512 1 1	1.340 -0.125 0.327
000032 1756391150776983 10.708464 32	16896 33 18	512 1 1	1.507 0.167 0.317
000033 1756391151111345 11.042826 33	17408 34 19	512 1 1	1.522 0.015 0.298
000034 1756391151445649 11.377130 34	17920 35 20	512 1 1	1.244 -0.278 0.297
000035 1756391151780919 11.712400 35	18432 36 21	512 1 1	1.797 0.553 0.313
000036 1756391152115264 12.046745 36	18944 37 22	512 1 1	1.452 -0.345 0.315
000037 1756391152449731 12.381212 37	19456 38 23	512 1 1	1.123 -0.329 0.316
000038 1756391152784607 12.716088 38	19968 39 24	512 1 1	1.539 0.416 0.322
000039 1756391153119209 13.050690 39	20480 40 25	512 1 1	1.270 -0.269 0.319
000040 1756391153460571 13.392052 40	20992 41 26	512 1 1	8.121 6.851 0.727
000041 1756391153795338 13.726819 41	21504 42 27	512 1 1	8.538 0.417 0.707
000042 1756391154122738 14.054219 42	22016 43 28	512 1 1	1.536 -7.002 1.101
000043 1756391154464635 14.396116 43	22528 44 29	512 1 1	8.724 7.188 1.481
000044 1756391154799901 14.731382 44	23040 45 30	512 1 1	9.403 0.679 1.431
000045 1756391155127381 15.058862 45	23552 46 31	512 1 1	2.074 -7.329 1.800
000046 1756391155469154 15.400635 46	24064 47 32	512 1 1	9.539 7.465 2.154
000047 1756391155805791 15.737272 47	24576 48 33	512 1 1	10.249 0.710 2.064
000048 1756391156132172 16.063653 48	25088 49 34	512 1 1	1.869 -8.380 2.458
000049 1756391156475669 16.407150 49	25600 50 35	512 1 1	10.235 8.366 2.828
000050 1756391156810093 16.741574 50	26112 51 36	512 1 1	10.164 -0.071 2.655
000051 1756391157136595 17.068076 51	26624 52 37	512 1 1	2.041 -8.123 2.997
000052 1756391157481667 17.413148 52	27136 53 38	512 1 1	12.557 10.516 3.467
000053 1756391157816460 17.747941 53	27648 54 39	512 1 1	12.507 -0.050 3.253
000054 1756391158140734 18.072215 54	28160 55 40	512 1 1	1.458 -11.049 3.741
000055 1756391158486661 18.418142 55	28672 56 41	512 1 1	12.488 11.030 4.196
000056 1756391158820961 18.752442 56	29184 57 42	512 1 1	12.106 -0.382 3.958
000057 1756391159144852 19.076333 57	29696 58 43	512 1 1	1.201 -10.905 4.392
000058 1756391159491254 19.422735 58	30208 59 44	512 1 1	13.053 11.852 4.858
000059 1756391159825960 19.757441 59	30720 60 45	512 1 1	13.219 0.166 4.565
000060 1756391160149361 20.080842 60	31232 61 46	512 1 1	1.516 -11.703 5.011
000061 1756391160496253 20.427734 61	31744 62 47	512 1 1	13.502 11.986 5.447
000062 1756391160831264 20.762745 62	32256 63 48	512 1 1	13.338 -0.164 5.117
000063 1756391161154091 21.085572 63	32768 64 49	512 1 1	1.556 -11.782 5.533
000064 1756391161501498 21.432979 64	33280 65 50	512 1 1	14.537 12.981 5.999
000065 1756391161836237 21.767718 65	33792 66 51	512 1 1	14.932 0.395 5.649
000066 1756391162157258 22.088739 66	34304 67 52	512 1 1	1.312 -13.620 6.147
000067 1756391162506198 22.437679 67	34816 68 53	512 1 1	15.316 14.004 6.638
000068 1756391162840712 22.772193 68	35328 69 54	512 1 1	14.873 -0.443 6.251
000069 1756391163161447 23.092928 69	35840 70 55	512 1 1	1.075 -13.798 6.722
000070 1756391163510649 23.442130 70	36352 71 56	512 1 1	15.507 14.432 7.204
000071 1756391163845998 23.777479 71	36864 72 57	512 1 1	15.082 -0.425 6.781
000072 1756391164166684 24.098165 72	37376 73 58	512 1 1	1.399 -13.683 7.212
000073 1756391164515621 24.447102 73	37888 74 59	512 1 1	15.695 14.296 7.655
000074 1756391164850361 24.781842 74	38400 75 60	512 1 1	15.945 0.250 7.192
000075 1756391165169637 25.101118 75	38912 76 61	512 1 1	1.107 -14.838 7.670
000076 1756391165519990 25.451471 76	39424 77 62	512 1 1	16.988 15.881 8.183
000077 1756391165855547 25.787028 77	39936 78 63	512 1 1	17.239 0.251 7.687
000078 1756391166175303 26.106784 78	40448 79 64	512 1 1	1.223 -16.016 8.208
000079 1756391166524782 26.456263 79	40960 80 65	512 1 1	15.884 14.661 8.611
000080 1756391166859527 26.791008 80	41472 81 66	512 1 1	14.945 -0.939 8.132
000081 1756391167180179 27.111660 81	41984 82 67	512 1 1	1.444 -13.501 8.467
000082 1756391167530400 27.461881 82	42496 83 68	512 1 1	16.971 15.527 8.908
000083 1756391167865594 27.797075 83	43008 84 69	512 1 1	16.703 -0.268 8.368
000084 1756391168184906 28.116387 84	43520 85 70	512 1 1	1.352 -15.351 8.805
000085 1756391168534891 28.466372 85	44032 86 71	512 1 1	15.942 14.590 9.166
000086 1756391168870581 28.802062 86	44544 87 72	512 1 1	16.404 0.462 8.622
000087 1756391169190376 29.121857 87	45056 88 73	512 1 1	1.476 -14.928 9.016
000088 1756391169540661 29.472142 88	45568 89 74	512 1 1	17.037 15.561 9.426
000089 1756391169875155 29.806636 89	46080 90 75	512 1 1	16.805 -0.232 8.851
000090 1756391170194007 30.125488 90	46592 91 76	512 1 1	1.109 -15.696 9.279
000091 1756391170546495 30.477976 91	47104 92 77	512 1 1	19.325 18.216 9.837
000092 1756391170881408 30.812889 92	47616 93 78	512 1 1	18.913 -0.412 9.248
000093 1756391171198545 31.130026 93	48128 94 79	512 1 1	1.339 -17.574 9.769
000094 1756391171551923 31.483404 94	48640 95 80	512 1 1	18.930 17.591 10.258
000095 1756391171887722 31.819203 95	49152 96 81	512 1 1	19.646 0.716 9.661
000096 1756391172205753 32.137234 96	49664 97 82	512 1 1	1.591 -18.055 10.186
000097 1756391172556941 32.488422 97	50176 98 83	512 1 1	18.092 16.501 10.580
000098 1756391172891402 32.822883 98	50688 99 84	512 1 1	18.037 -0.055 9.923
000099 1756391173210787 33.142268 99	51200 100 85	512 1 1	1.950 -16.087 10.308
000100 1756391173560249 33.491730 100	51712 101 86	512 1 1	16.137 14.187 10.550
000101 1756391173895240 33.826721 101	52224 102 87	512 1 1	16.494 0.357 9.913
000102 1756391174216235 34.147716 102	52736 103 88	512 1 1	1.411 -15.083 10.236
000103 1756391174563907 34.495388 103	53248 104 89	512 1 1	14.792 13.381 10.433
000104 1756391174899764 34.831245 104	53760 105 90	512 1 1	15.114 0.322 9.801
000105 1756391175221894 35.153375 105	54272 106 91	512 1 1	1.314 -13.800 10.051
000106 1756391175568188 35.499669 106	54784 107 92	512 1 1	12.678 11.364 10.133
000107 1756391175902819 35.834300 107	55296 108 93	512 1 1	12.019 -0.659 9.541
000108 1756391176227375 36.158856 108	55808 109 94	512 1 1	1.254 -10.765 9.617
000109 1756391176573359 36.504840 109	56320 110 95	512 1 1	11.508 10.254 9.657
000110 1756391176908686 36.840167 110	56832 111 96	512 1 1	12.385 0.877 9.108
000111 1756391177232321 37.163802 111	57344 112 97	512 1 1	1.464 -10.921 9.222
000112 1756391177578254 37.509735 112	57856 113 98	512 1 1	12.739 11.275 9.350
000113 1756391177913274 37.844755 113	58368 114 99	512 1 1	13.550 0.811 8.816
000114 1756391178236210 38.167691 114	58880 115 100	512 1 1	1.738 -11.812 9.004
000115 1756391178583743 38.515224 115	59392 116 101	512 1 1	14.290 12.552 9.225
000116 1756391178919917 38.851398 116	59904 117 102	512 1 1	15.806 1.516 8.744
000117 1756391179240214 39.171695 117	60416 118 103	512 1 1	1.345 -14.461 9.101
000118 1756391179588147 39.519628 118	60928 119 104	512 1 1	14.560 13.215 9.358
000119 1756391179923138 39.854619 119	61440 120 105	512 1 1	15.174 0.614 8.811
000120 1756391180243987 40.175468 120	61952 121 106	512 1 1	1.455 -13.719 9.118
000121 1756391180593495 40.524976 121	62464 122 107	512 1 1	16.026 14.571 9.459
000122 1756391180928587 40.860068 122	62976 123 108	512 1 1	16.137 0.111 8.875
000123 1756391181249130 41.180611 123	63488 124 109	512 1 1	1.688 -14.449 9.223
000124 1756391181598501 41.529982 124	64000 125 110	512 1 1	15.786 14.098 9.528
000125 1756391181932763 41.864244 125	64512 126 111	512 1 1	15.422 -0.364 8.955
000126 1756391182253963 42.185444 126	65024 127 112	512 1 1	1.628 -13.794 9.258
000127 1756391182603204 42.534685 127	65536 128 113	512 1 1	16.028 14.400 9.579
000128 1756391182938089 42.869570 128	66048 129 114	512 1 1	16.139 0.111 8.987
000129 1756391183258712 43.190193 129	66560 130 115	512 1 1	1.655 -14.484 9.331
000130 1756391183608588 43.540069 130	67072 131 116	512 1 1	16.620 14.965 9.683
000131 1756391183942724 43.874205 131	67584 132 117	512 1 1	15.422 -1.198 9.153
000132 1756391184263286 44.194767 132	68096 133 118	512 1 1	1.426 -13.996 9.455
000133 1756391184613898 44.545379 133	68608 134 119	512 1 1	17.186 15.760 9.849
000134 1756391184948404 44.879885 134	69120 135 120	512 1 1	17.104 -0.082 9.239
000135 1756391185267393 45.198874 135	69632 136 121	512 1 1	1.620 -15.484 9.629
000136 1756391185618251 45.549732 136	70144 137 122	512 1 1	17.047 15.427 9.992
000137 1756391185953271 45.884752 137	70656 138 123	512 1 1	17.683 0.636 9.407
000138 1756391186271645 46.203126 138	71168 139 124	512 1 1	1.517 -16.166 9.829
000139 1756391186624329 46.555810 139	71680 140 125	512 1 1	19.085 17.568 10.313
000140 1756391186959864 46.891345 140	72192 141 126	512 1 1	19.839 0.754 9.716
000141 1756391187275994 47.207475 141	72704 142 127	512 1 1	1.500 -18.339 10.254
000142 1756391187629611 47.561092 142	73216 143 128	512 1 1	19.657 18.157 10.748
000143 1756391187965020 47.896501 143	73728 144 129	512 1 1	19.957 0.300 10.095
000144 1756391188281654 48.213135 144	74240 145 130	512 1 1	1.384 -18.573 10.625
000145 1756391188635662 48.567143 145	74752 146 131	512 1 1	20.581 19.197 11.161
000146 1756391188971313 48.902794 146	75264 147 132	512 1 1	21.001 0.420 10.490
000147 1756391189286838 49.218319 147	75776 148 133	512 1 1	1.729 -19.272 11.039
000148 1756391189641900 49.573381 148	76288 149 134	512 1 1	20.957 19.228 11.550
000149 1756391189976467 49.907948 149	76800 150 135	512 1 1	20.116 -0.841 10.881
000150 1756391190292738 50.224219 150	77312 151 136	512 1 1	1.591 -18.525 11.359
000151 1756391190648359 50.579840 151	77824 152 137	512 1 1	22.006 20.415 11.925
000152 1756391190978742 50.910223 152	78336 153 138	512 1 1	17.600 -4.406 11.455
000153 1756391191298068 51.229549 153	78848 154 139	512 1 1	1.673 -15.927 11.734
000154 1756391191653503 51.584984 154	79360 155 140	512 1 1	20.964 19.291 12.207
000155 1756391191981052 51.912533 155	79872 156 141	512 1 1	13.405 -7.559 11.916
000156 1756391192323315 52.254796 156	80384 157 142	512 1 1	20.818 7.413 11.635
000157 1756391192657813 52.589294 157	80896 158 143	512 1 1	19.576 -1.242 10.985
000158 1756391192983167 52.914648 158	81408 159 144	512 1 1	9.516 -10.060 10.927
000159 1756391193329042 53.260523 159	81920 160 145	512 1 1	20.336 10.820 10.921
000160 1756391193663314 53.594795 160	82432 161 146	512 1 1	18.611 -1.725 10.346
000161 1756391193985175 53.916656 161	82944 162 147	512 1 1	4.916 -13.695 10.555
000162 1756391194333702 54.265183 162	83456 163 148	512 1 1	18.274 13.358 10.730
000163 1756391194668426 54.599907 163	83968 164 149	512 1 1	18.002 -0.272 10.077
000164 1756391194988304 54.919785 164	84480 165 150	512 1 1	3.213 -14.789 10.371
000165 1756391195339218 55.270699 165	84992 166 151	512 1 1	19.707 16.494 10.754
000166 1756391195671061 55.602542 166	85504 167 152	512 1 1	16.733 -2.974 10.268
000167 1756391195991254 55.922735 167	86016 168 153	512 1 1	1.414 -15.319 10.583
000168 1756391196343964 56.275445 168	86528 169 154	512 1 1	19.403 17.989 11.046
000169 1756391196673962 56.605443 169	87040 170 155	512 1 1	14.385 -5.018 10.669
000170 1756391196995873 56.927354 170	87552 171 156	512 1 1	1.574 -12.811 10.803
000171 1756391197348710 57.280191 171	88064 172 157	512 1 1	19.777 18.203 11.266
000172 1756391197676889 57.608370 172	88576 173 158	512 1 1	12.416 -7.361 11.022
000173 1756391198001236 57.932717 173	89088 174 159	512 1 1	1.789 -10.627 10.997
000174 1756391198353152 58.284633 174	89600 175 160	512 1 1	19.321 17.532 11.406
000175 1756391198679431 58.610912 175	90112 176 161	512 1 1	10.657 -8.664 11.234
000176 1756391199006549 58.938030 176	90624 177 162	512 1 1	1.593 -9.064 11.099
000177 1756391199358230 59.289711 177	91136 178 163	512 1 1	18.814 17.221 11.481
000178 1756391199683464 59.614945 178	91648 179 164	512 1 1	9.592 -9.222 11.340
000179 1756391200027206 59.958687 179	92160 180 165	512 1 1	18.928 9.336 11.215
