AbsTime RelTime Interval	FlowID Description Jitter	Action	AbsBytes AbsPackets AbsFrames	RelBytes RelPackets RelFrames
000001 1756390114068411 0.000000 0.000000	0 "TCP" 0.000	"Sent"     4096 1 1	4096 1 1
000002 1756390114068411 0.000000 0.000000	0 "TCP" 0.000	"Received" 0 0 0	0 0 0
000003 1756390114068411 0.000000 0.000000	0 "TCP" 0.000	"Lost"     0 0 0	0 0 0
000004 1756390114068411 0.000000 0.000000	1 "MPTCP" 0.000	"Sent"     4096 1 1	4096 1 1
000005 1756390114068411 0.000000 0.000000	1 "MPTCP" 0.000	"Received" 0 0 0	0 0 0
000006 1756390114068411 0.000000 0.000000	1 "MPTCP" 0.000	"Lost"     0 0 0	0 0 0
000007 1756390114068411 0.000000 0.000000	2 "UDP" 0.000	"Sent"     1024 1 1	1024 1 1
000008 1756390114068411 0.000000 0.000000	2 "UDP" 0.000	"Received" 0 0 0	0 0 0
000009 1756390114068411 0.000000 0.000000	2 "UDP" 0.000	"Lost"     0 0 0	0 0 0
000010 1756390114068411 0.000000 0.000000	3 "DCCP" 0.000	"Sent"     1024 1 1	1024 1 1
000011 1756390114068411 0.000000 0.000000	3 "DCCP" 0.000	"Received" 0 0 0	0 0 0
000012 1756390114068411 0.000000 0.000000	3 "DCCP" 0.000	"Lost"     0 0 0	0 0 0
000013 1756390114068411 0.000000 0.000000	4 "SCTP Stream 0" 0.000	"Sent"     512 1 1	512 1 1
000014 1756390114068411 0.000000 0.000000	4 "SCTP Stream 0" 0.000	"Received" 0 0 0	0 0 0
000015 1756390114068411 0.000000 0.000000	4 "SCTP Stream 0" 0.000	"Lost"     0 0 0	0 0 0
000016 1756390114068411 0.000000 0.000000	5 "SCTP Stream 1" 0.000	"Sent"     512 1 1	512 1 1
000017 1756390114068411 0.000000 0.000000	5 "SCTP Stream 1" 0.000	"Received" 0 0 0	0 0 0
000018 1756390114068411 0.000000 0.000000	5 "SCTP Stream 1" 0.000	"Lost"     0 0 0	0 0 0
000019 1756390114068411 0.000000 0.000000	6 "SCTP Stream 2" 0.000	"Sent"     512 1 1	512 1 1
000020 1756390114068411 0.000000 0.000000	6 "SCTP Stream 2" 0.000	"Received" 0 0 0	0 0 0
000021 1756390114068411 0.000000 0.000000	6 "SCTP Stream 2" 0.000	"Lost"     0 0 0	0 0 0
000022 1756390114068411 0.000000 0.000000	7 "SCTP Stream 3" 0.000	"Sent"     512 1 1	512 1 1
000023 1756390114068411 0.000000 0.000000	7 "SCTP Stream 3" 0.000	"Received" 0 0 0	0 0 0
000024 1756390114068411 0.000000 0.000000	7 "SCTP Stream 3" 0.000	"Lost"     0 0 0	0 0 0
000025 1756390114068411 0.000000 0.000000	8 "SCTP Stream 4" 0.000	"Sent"     512 1 1	512 1 1
000026 1756390114068411 0.000000 0.000000	8 "SCTP Stream 4" 0.000	"Received" 0 0 0	0 0 0
000027 1756390114068411 0.000000 0.000000	8 "SCTP Stream 4" 0.000	"Lost"     0 0 0	0 0 0
000028 1756390114068411 0.000000 0.000000	-1 "Total" 0	"Sent"     12800 9 9	12800 9 9
000029 1756390114068411 0.000000 0.000000	-1 "Total" 0	"Received" 0 0 0	0 0 0
000030 1756390114068411 0.000000 0.000000	-1 "Total" 0	"Lost"     0 0 0	0 0 0
000031 1756390115069164 1.000753 1.000753	0 "TCP" 0.338	"Sent"     45056 11 11	40960 10 10
000032 1756390115069164 1.000753 1.000753	0 "TCP" 0.338	"Received" 49060 10 0	49060 10 0
000033 1756390115069164 1.000753 1.000753	0 "TCP" 0.338	"Lost"     0 0 0	0 0 0
000034 1756390115069164 1.000753 1.000753	1 "MPTCP" 0.326	"Sent"     45056 11 11	40960 10 10
000035 1756390115069164 1.000753 1.000753	1 "MPTCP" 0.326	"Received" 49060 10 0	49060 10 0
000036 1756390115069164 1.000753 1.000753	1 "MPTCP" 0.326	"Lost"     0 0 0	0 0 0
000037 1756390115069164 1.000753 1.000753	2 "UDP" 0.286	"Sent"     11264 11 11	10240 10 10
000038 1756390115069164 1.000753 1.000753	2 "UDP" 0.286	"Received" 10240 10 0	10240 10 0
000039 1756390115069164 1.000753 1.000753	2 "UDP" 0.286	"Lost"     0 0 0	0 0 0
000040 1756390115069164 1.000753 1.000753	3 "DCCP" 0.137	"Sent"     11264 11 11	10240 10 10
000041 1756390115069164 1.000753 1.000753	3 "DCCP" 0.137	"Received" 10240 10 0	10240 10 0
000042 1756390115069164 1.000753 1.000753	3 "DCCP" 0.137	"Lost"     0 0 0	0 0 0
000043 1756390115069164 1.000753 1.000753	4 "SCTP Stream 0" 0.152	"Sent"     1024 2 2	512 1 1
000044 1756390115069164 1.000753 1.000753	4 "SCTP Stream 0" 0.152	"Received" 2560 5 0	2560 5 0
000045 1756390115069164 1.000753 1.000753	4 "SCTP Stream 0" 0.152	"Lost"     0 0 0	0 0 0
000046 1756390115069164 1.000753 1.000753	5 "SCTP Stream 1" 0.291	"Sent"     1536 3 3	1024 2 2
000047 1756390115069164 1.000753 1.000753	5 "SCTP Stream 1" 0.291	"Received" 2048 4 0	2048 4 0
000048 1756390115069164 1.000753 1.000753	5 "SCTP Stream 1" 0.291	"Lost"     0 0 0	0 0 0
000049 1756390115069164 1.000753 1.000753	6 "SCTP Stream 2" 0.126	"Sent"     2048 4 4	1536 3 3
000050 1756390115069164 1.000753 1.000753	6 "SCTP Stream 2" 0.126	"Received" 1536 3 0	1536 3 0
000051 1756390115069164 1.000753 1.000753	6 "SCTP Stream 2" 0.126	"Lost"     0 0 0	0 0 0
000052 1756390115069164 1.000753 1.000753	7 "SCTP Stream 3" 0.095	"Sent"     2560 5 5	2048 4 4
000053 1756390115069164 1.000753 1.000753	7 "SCTP Stream 3" 0.095	"Received" 1024 2 0	1024 2 0
000054 1756390115069164 1.000753 1.000753	7 "SCTP Stream 3" 0.095	"Lost"     0 0 0	0 0 0
000055 1756390115069164 1.000753 1.000753	8 "SCTP Stream 4" 0.103	"Sent"     3072 6 6	2560 5 5
000056 1756390115069164 1.000753 1.000753	8 "SCTP Stream 4" 0.103	"Received" 512 1 0	512 1 0
000057 1756390115069164 1.000753 1.000753	8 "SCTP Stream 4" 0.103	"Lost"     0 0 0	0 0 0
000058 1756390115069164 1.000753 1.000753	-1 "Total" 0	"Sent"     122880 64 64	110080 55 55
000059 1756390115069164 1.000753 1.000753	-1 "Total" 0	"Received" 126280 55 0	126280 55 0
000060 1756390115069164 1.000753 1.000753	-1 "Total" 0	"Lost"     0 0 0	0 0 0
000061 1756390116069044 2.000633 0.999880	0 "TCP" 0.287	"Sent"     86016 21 21	40960 10 10
000062 1756390116069044 2.000633 0.999880	0 "TCP" 0.287	"Received" 98120 20 0	49060 10 0
000063 1756390116069044 2.000633 0.999880	0 "TCP" 0.287	"Lost"     0 0 0	0 0 0
000064 1756390116069044 2.000633 0.999880	1 "MPTCP" 0.278	"Sent"     86016 21 21	40960 10 10
000065 1756390116069044 2.000633 0.999880	1 "MPTCP" 0.278	"Received" 98120 20 0	49060 10 0
000066 1756390116069044 2.000633 0.999880	1 "MPTCP" 0.278	"Lost"     0 0 0	0 0 0
000067 1756390116069044 2.000633 0.999880	2 "UDP" 0.199	"Sent"     21504 21 21	10240 10 10
000068 1756390116069044 2.000633 0.999880	2 "UDP" 0.199	"Received" 20480 20 0	10240 10 0
000069 1756390116069044 2.000633 0.999880	2 "UDP" 0.199	"Lost"     0 0 0	0 0 0
000070 1756390116069044 2.000633 0.999880	3 "DCCP" 0.176	"Sent"     21504 21 21	10240 10 10
000071 1756390116069044 2.000633 0.999880	3 "DCCP" 0.176	"Received" 20480 20 0	10240 10 0
000072 1756390116069044 2.000633 0.999880	3 "DCCP" 0.176	"Lost"     0 0 0	0 0 0
000073 1756390116069044 2.000633 0.999880	4 "SCTP Stream 0" 0.189	"Sent"     1536 3 3	512 1 1
000074 1756390116069044 2.000633 0.999880	4 "SCTP Stream 0" 0.189	"Received" 5120 10 0	2560 5 0
000075 1756390116069044 2.000633 0.999880	4 "SCTP Stream 0" 0.189	"Lost"     0 0 0	0 0 0
000076 1756390116069044 2.000633 0.999880	5 "SCTP Stream 1" 0.395	"Sent"     2560 5 5	1024 2 2
000077 1756390116069044 2.000633 0.999880	5 "SCTP Stream 1" 0.395	"Received" 4096 8 0	2048 4 0
000078 1756390116069044 2.000633 0.999880	5 "SCTP Stream 1" 0.395	"Lost"     0 0 0	0 0 0
000079 1756390116069044 2.000633 0.999880	6 "SCTP Stream 2" 0.133	"Sent"     3072 6 6	1024 2 2
000080 1756390116069044 2.000633 0.999880	6 "SCTP Stream 2" 0.133	"Received" 3072 6 0	1536 3 0
000081 1756390116069044 2.000633 0.999880	6 "SCTP Stream 2" 0.133	"Lost"     0 0 0	0 0 0
000082 1756390116069044 2.000633 0.999880	7 "SCTP Stream 3" 0.170	"Sent"     4608 9 9	2048 4 4
000083 1756390116069044 2.000633 0.999880	7 "SCTP Stream 3" 0.170	"Received" 2048 4 0	1024 2 0
000084 1756390116069044 2.000633 0.999880	7 "SCTP Stream 3" 0.170	"Lost"     0 0 0	0 0 0
000085 1756390116069044 2.000633 0.999880	8 "SCTP Stream 4" 0.168	"Sent"     5632 11 11	2560 5 5
000086 1756390116069044 2.000633 0.999880	8 "SCTP Stream 4" 0.168	"Received" 1024 2 0	512 1 0
000087 1756390116069044 2.000633 0.999880	8 "SCTP Stream 4" 0.168	"Lost"     0 0 0	0 0 0
000088 1756390116069044 2.000633 0.999880	-1 "Total" 0	"Sent"     232448 118 118	109568 54 54
000089 1756390116069044 2.000633 0.999880	-1 "Total" 0	"Received" 252560 110 0	126280 55 0
000090 1756390116069044 2.000633 0.999880	-1 "Total" 0	"Lost"     0 0 0	0 0 0
000091 1756390117069603 3.001192 1.000559	0 "TCP" 0.205	"Sent"     122880 30 30	36864 9 9
000092 1756390117069603 3.001192 1.000559	0 "TCP" 0.205	"Received" 147180 30 0	49060 10 0
000093 1756390117069603 3.001192 1.000559	0 "TCP" 0.205	"Lost"     0 0 0	0 0 0
000094 1756390117069603 3.001192 1.000559	1 "MPTCP" 0.284	"Sent"     122880 30 30	36864 9 9
000095 1756390117069603 3.001192 1.000559	1 "MPTCP" 0.284	"Received" 147180 30 0	49060 10 0
000096 1756390117069603 3.001192 1.000559	1 "MPTCP" 0.284	"Lost"     0 0 0	0 0 0
000097 1756390117069603 3.001192 1.000559	2 "UDP" 0.143	"Sent"     30720 30 30	9216 9 9
000098 1756390117069603 3.001192 1.000559	2 "UDP" 0.143	"Received" 30720 30 0	10240 10 0
000099 1756390117069603 3.001192 1.000559	2 "UDP" 0.143	"Lost"     0 0 0	0 0 0
000100 1756390117069603 3.001192 1.000559	3 "DCCP" 0.212	"Sent"     30720 30 30	9216 9 9
000101 1756390117069603 3.001192 1.000559	3 "DCCP" 0.212	"Received" 30720 30 0	10240 10 0
000102 1756390117069603 3.001192 1.000559	3 "DCCP" 0.212	"Lost"     0 0 0	0 0 0
000103 1756390117069603 3.001192 1.000559	4 "SCTP Stream 0" 0.285	"Sent"     2048 4 4	512 1 1
000104 1756390117069603 3.001192 1.000559	4 "SCTP Stream 0" 0.285	"Received" 7680 15 0	2560 5 0
000105 1756390117069603 3.001192 1.000559	4 "SCTP Stream 0" 0.285	"Lost"     0 0 0	0 0 0
000106 1756390117069603 3.001192 1.000559	5 "SCTP Stream 1" 0.602	"Sent"     3584 7 7	1024 2 2
000107 1756390117069603 3.001192 1.000559	5 "SCTP Stream 1" 0.602	"Received" 6144 12 0	2048 4 0
000108 1756390117069603 3.001192 1.000559	5 "SCTP Stream 1" 0.602	"Lost"     0 0 0	0 0 0
000109 1756390117069603 3.001192 1.000559	6 "SCTP Stream 2" 0.162	"Sent"     4608 9 9	1536 3 3
000110 1756390117069603 3.001192 1.000559	6 "SCTP Stream 2" 0.162	"Received" 4608 9 0	1536 3 0
000111 1756390117069603 3.001192 1.000559	6 "SCTP Stream 2" 0.162	"Lost"     0 0 0	0 0 0
000112 1756390117069603 3.001192 1.000559	7 "SCTP Stream 3" 0.157	"Sent"     6656 13 13	2048 4 4
000113 1756390117069603 3.001192 1.000559	7 "SCTP Stream 3" 0.157	"Received" 3072 6 0	1024 2 0
000114 1756390117069603 3.001192 1.000559	7 "SCTP Stream 3" 0.157	"Lost"     0 0 0	0 0 0
000115 1756390117069603 3.001192 1.000559	8 "SCTP Stream 4" 0.177	"Sent"     7680 15 15	2048 4 4
000116 1756390117069603 3.001192 1.000559	8 "SCTP Stream 4" 0.177	"Received" 1536 3 0	512 1 0
000117 1756390117069603 3.001192 1.000559	8 "SCTP Stream 4" 0.177	"Lost"     0 0 0	0 0 0
000118 1756390117069603 3.001192 1.000559	-1 "Total" 0	"Sent"     331776 168 168	99328 50 50
000119 1756390117069603 3.001192 1.000559	-1 "Total" 0	"Received" 378840 165 0	126280 55 0
000120 1756390117069603 3.001192 1.000559	-1 "Total" 0	"Lost"     0 0 0	0 0 0
000121 1756390118069986 4.001575 1.000383	0 "TCP" 0.308	"Sent"     163840 40 40	40960 10 10
000122 1756390118069986 4.001575 1.000383	0 "TCP" 0.308	"Received" 196240 40 0	49060 10 0
000123 1756390118069986 4.001575 1.000383	0 "TCP" 0.308	"Lost"     0 0 0	0 0 0
000124 1756390118069986 4.001575 1.000383	1 "MPTCP" 0.317	"Sent"     163840 40 40	40960 10 10
000125 1756390118069986 4.001575 1.000383	1 "MPTCP" 0.317	"Received" 196240 40 0	49060 10 0
000126 1756390118069986 4.001575 1.000383	1 "MPTCP" 0.317	"Lost"     0 0 0	0 0 0
000127 1756390118069986 4.001575 1.000383	2 "UDP" 0.135	"Sent"     40960 40 40	10240 10 10
000128 1756390118069986 4.001575 1.000383	2 "UDP" 0.135	"Received" 40960 40 0	10240 10 0
000129 1756390118069986 4.001575 1.000383	2 "UDP" 0.135	"Lost"     0 0 0	0 0 0
000130 1756390118069986 4.001575 1.000383	3 "DCCP" 0.252	"Sent"     40960 40 40	10240 10 10
000131 1756390118069986 4.001575 1.000383	3 "DCCP" 0.252	"Received" 40960 40 0	10240 10 0
000132 1756390118069986 4.001575 1.000383	3 "DCCP" 0.252	"Lost"     0 0 0	0 0 0
000133 1756390118069986 4.001575 1.000383	4 "SCTP Stream 0" 0.444	"Sent"     2560 5 5	512 1 1
000134 1756390118069986 4.001575 1.000383	4 "SCTP Stream 0" 0.444	"Received" 10240 20 0	2560 5 0
000135 1756390118069986 4.001575 1.000383	4 "SCTP Stream 0" 0.444	"Lost"     0 0 0	0 0 0
000136 1756390118069986 4.001575 1.000383	5 "SCTP Stream 1" 0.846	"Sent"     4608 9 9	1024 2 2
000137 1756390118069986 4.001575 1.000383	5 "SCTP Stream 1" 0.846	"Received" 8192 16 0	2048 4 0
000138 1756390118069986 4.001575 1.000383	5 "SCTP Stream 1" 0.846	"Lost"     0 0 0	0 0 0
000139 1756390118069986 4.001575 1.000383	6 "SCTP Stream 2" 0.146	"Sent"     6144 12 12	1536 3 3
000140 1756390118069986 4.001575 1.000383	6 "SCTP Stream 2" 0.146	"Received" 6144 12 0	1536 3 0
000141 1756390118069986 4.001575 1.000383	6 "SCTP Stream 2" 0.146	"Lost"     0 0 0	0 0 0
000142 1756390118069986 4.001575 1.000383	7 "SCTP Stream 3" 0.257	"Sent"     8704 17 17	2048 4 4
000143 1756390118069986 4.001575 1.000383	7 "SCTP Stream 3" 0.257	"Received" 4096 8 0	1024 2 0
000144 1756390118069986 4.001575 1.000383	7 "SCTP Stream 3" 0.257	"Lost"     0 0 0	0 0 0
000145 1756390118069986 4.001575 1.000383	8 "SCTP Stream 4" 0.170	"Sent"     10240 20 20	2560 5 5
000146 1756390118069986 4.001575 1.000383	8 "SCTP Stream 4" 0.170	"Received" 2048 4 0	512 1 0
000147 1756390118069986 4.001575 1.000383	8 "SCTP Stream 4" 0.170	"Lost"     0 0 0	0 0 0
000148 1756390118069986 4.001575 1.000383	-1 "Total" 0	"Sent"     441856 223 223	110080 55 55
000149 1756390118069986 4.001575 1.000383	-1 "Total" 0	"Received" 505120 220 0	126280 55 0
000150 1756390118069986 4.001575 1.000383	-1 "Total" 0	"Lost"     0 0 0	0 0 0
000151 1756390119068854 5.000443 0.998868	0 "TCP" 0.276	"Sent"     204800 50 50	40960 10 10
000152 1756390119068854 5.000443 0.998868	0 "TCP" 0.276	"Received" 245300 50 0	49060 10 0
000153 1756390119068854 5.000443 0.998868	0 "TCP" 0.276	"Lost"     0 0 0	0 0 0
000154 1756390119068854 5.000443 0.998868	1 "MPTCP" 0.274	"Sent"     204800 50 50	40960 10 10
000155 1756390119068854 5.000443 0.998868	1 "MPTCP" 0.274	"Received" 245300 50 0	49060 10 0
000156 1756390119068854 5.000443 0.998868	1 "MPTCP" 0.274	"Lost"     0 0 0	0 0 0
000157 1756390119068854 5.000443 0.998868	2 "UDP" 0.120	"Sent"     51200 50 50	10240 10 10
000158 1756390119068854 5.000443 0.998868	2 "UDP" 0.120	"Received" 51200 50 0	10240 10 0
000159 1756390119068854 5.000443 0.998868	2 "UDP" 0.120	"Lost"     0 0 0	0 0 0
000160 1756390119068854 5.000443 0.998868	3 "DCCP" 0.215	"Sent"     51200 50 50	10240 10 10
000161 1756390119068854 5.000443 0.998868	3 "DCCP" 0.215	"Received" 51200 50 0	10240 10 0
000162 1756390119068854 5.000443 0.998868	3 "DCCP" 0.215	"Lost"     0 0 0	0 0 0
000163 1756390119068854 5.000443 0.998868	4 "SCTP Stream 0" 0.623	"Sent"     3072 6 6	512 1 1
000164 1756390119068854 5.000443 0.998868	4 "SCTP Stream 0" 0.623	"Received" 12800 25 0	2560 5 0
000165 1756390119068854 5.000443 0.998868	4 "SCTP Stream 0" 0.623	"Lost"     0 0 0	0 0 0
000166 1756390119068854 5.000443 0.998868	5 "SCTP Stream 1" 1.177	"Sent"     5632 11 11	1024 2 2
000167 1756390119068854 5.000443 0.998868	5 "SCTP Stream 1" 1.177	"Received" 10240 20 0	2048 4 0
000168 1756390119068854 5.000443 0.998868	5 "SCTP Stream 1" 1.177	"Lost"     0 0 0	0 0 0
000169 1756390119068854 5.000443 0.998868	6 "SCTP Stream 2" 0.145	"Sent"     7680 15 15	1536 3 3
000170 1756390119068854 5.000443 0.998868	6 "SCTP Stream 2" 0.145	"Received" 7680 15 0	1536 3 0
000171 1756390119068854 5.000443 0.998868	6 "SCTP Stream 2" 0.145	"Lost"     0 0 0	0 0 0
000172 1756390119068854 5.000443 0.998868	7 "SCTP Stream 3" 0.663	"Sent"     10240 20 20	1536 3 3
000173 1756390119068854 5.000443 0.998868	7 "SCTP Stream 3" 0.663	"Received" 5120 10 0	1024 2 0
000174 1756390119068854 5.000443 0.998868	7 "SCTP Stream 3" 0.663	"Lost"     0 0 0	0 0 0
000175 1756390119068854 5.000443 0.998868	8 "SCTP Stream 4" 0.172	"Sent"     12800 25 25	2560 5 5
000176 1756390119068854 5.000443 0.998868	8 "SCTP Stream 4" 0.172	"Received" 2560 5 0	512 1 0
000177 1756390119068854 5.000443 0.998868	8 "SCTP Stream 4" 0.172	"Lost"     0 0 0	0 0 0
000178 1756390119068854 5.000443 0.998868	-1 "Total" 0	"Sent"     551424 277 277	109568 54 54
000179 1756390119068854 5.000443 0.998868	-1 "Total" 0	"Received" 631400 275 0	126280 55 0
000180 1756390119068854 5.000443 0.998868	-1 "Total" 0	"Lost"     0 0 0	0 0 0
000181 1756390120069450 6.001039 1.000596	0 "TCP" 0.283	"Sent"     245760 60 60	40960 10 10
000182 1756390120069450 6.001039 1.000596	0 "TCP" 0.283	"Received" 294360 60 10	49060 10 10
000183 1756390120069450 6.001039 1.000596	0 "TCP" 0.283	"Lost"     0 0 0	0 0 0
000184 1756390120069450 6.001039 1.000596	1 "MPTCP" 0.243	"Sent"     245760 60 60	40960 10 10
000185 1756390120069450 6.001039 1.000596	1 "MPTCP" 0.243	"Received" 294360 60 10	49060 10 10
000186 1756390120069450 6.001039 1.000596	1 "MPTCP" 0.243	"Lost"     0 0 0	0 0 0
000187 1756390120069450 6.001039 1.000596	2 "UDP" 0.142	"Sent"     61440 60 60	10240 10 10
000188 1756390120069450 6.001039 1.000596	2 "UDP" 0.142	"Received" 61440 60 10	10240 10 10
000189 1756390120069450 6.001039 1.000596	2 "UDP" 0.142	"Lost"     0 0 0	0 0 0
000190 1756390120069450 6.001039 1.000596	3 "DCCP" 0.190	"Sent"     61440 60 60	10240 10 10
000191 1756390120069450 6.001039 1.000596	3 "DCCP" 0.190	"Received" 61440 60 10	10240 10 10
000192 1756390120069450 6.001039 1.000596	3 "DCCP" 0.190	"Lost"     0 0 0	0 0 0
000193 1756390120069450 6.001039 1.000596	4 "SCTP Stream 0" 6.647	"Sent"     3584 7 7	512 1 1
000194 1756390120069450 6.001039 1.000596	4 "SCTP Stream 0" 6.647	"Received" 14848 29 4	2048 4 4
000195 1756390120069450 6.001039 1.000596	4 "SCTP Stream 0" 6.647	"Lost"     0 0 0	0 0 0
000196 1756390120069450 6.001039 1.000596	5 "SCTP Stream 1" 9.175	"Sent"     6144 12 12	512 1 1
000197 1756390120069450 6.001039 1.000596	5 "SCTP Stream 1" 9.175	"Received" 12288 24 4	2048 4 4
000198 1756390120069450 6.001039 1.000596	5 "SCTP Stream 1" 9.175	"Lost"     0 0 0	0 0 0
000199 1756390120069450 6.001039 1.000596	6 "SCTP Stream 2" 19.181	"Sent"     9216 18 18	1536 3 3
000200 1756390120069450 6.001039 1.000596	6 "SCTP Stream 2" 19.181	"Received" 9216 18 3	1536 3 3
000201 1756390120069450 6.001039 1.000596	6 "SCTP Stream 2" 19.181	"Lost"     0 0 0	0 0 0
000202 1756390120069450 6.001039 1.000596	7 "SCTP Stream 3" 0.625	"Sent"     12288 24 24	2048 4 4
000203 1756390120069450 6.001039 1.000596	7 "SCTP Stream 3" 0.625	"Received" 6144 12 2	1024 2 2
000204 1756390120069450 6.001039 1.000596	7 "SCTP Stream 3" 0.625	"Lost"     0 0 0	0 0 0
000205 1756390120069450 6.001039 1.000596	8 "SCTP Stream 4" 0.171	"Sent"     15360 30 30	2560 5 5
000206 1756390120069450 6.001039 1.000596	8 "SCTP Stream 4" 0.171	"Received" 3072 6 1	512 1 1
000207 1756390120069450 6.001039 1.000596	8 "SCTP Stream 4" 0.171	"Lost"     0 0 0	0 0 0
000208 1756390120069450 6.001039 1.000596	-1 "Total" 0	"Sent"     660992 331 331	109568 54 54
000209 1756390120069450 6.001039 1.000596	-1 "Total" 0	"Received" 757168 329 54	125768 54 54
000210 1756390120069450 6.001039 1.000596	-1 "Total" 0	"Lost"     0 0 0	0 0 0
000211 1756390121070017 7.001606 1.000567	0 "TCP" 0.310	"Sent"     286720 70 70	40960 10 10
000212 1756390121070017 7.001606 1.000567	0 "TCP" 0.310	"Received" 343420 70 20	49060 10 10
000213 1756390121070017 7.001606 1.000567	0 "TCP" 0.310	"Lost"     0 0 0	0 0 0
000214 1756390121070017 7.001606 1.000567	1 "MPTCP" 0.290	"Sent"     286720 70 70	40960 10 10
000215 1756390121070017 7.001606 1.000567	1 "MPTCP" 0.290	"Received" 343420 70 20	49060 10 10
000216 1756390121070017 7.001606 1.000567	1 "MPTCP" 0.290	"Lost"     0 0 0	0 0 0
000217 1756390121070017 7.001606 1.000567	2 "UDP" 0.185	"Sent"     71680 70 70	10240 10 10
000218 1756390121070017 7.001606 1.000567	2 "UDP" 0.185	"Received" 71680 70 20	10240 10 10
000219 1756390121070017 7.001606 1.000567	2 "UDP" 0.185	"Lost"     0 0 0	0 0 0
000220 1756390121070017 7.001606 1.000567	3 "DCCP" 0.175	"Sent"     71680 70 70	10240 10 10
000221 1756390121070017 7.001606 1.000567	3 "DCCP" 0.175	"Received" 71680 70 20	10240 10 10
000222 1756390121070017 7.001606 1.000567	3 "DCCP" 0.175	"Lost"     0 0 0	0 0 0
000223 1756390121070017 7.001606 1.000567	4 "SCTP Stream 0" 26.046	"Sent"     3584 7 7	0 0 0
000224 1756390121070017 7.001606 1.000567	4 "SCTP Stream 0" 26.046	"Received" 17408 34 9	2560 5 5
000225 1756390121070017 7.001606 1.000567	4 "SCTP Stream 0" 26.046	"Lost"     0 0 0	0 0 0
000226 1756390121070017 7.001606 1.000567	5 "SCTP Stream 1" 17.530	"Sent"     7168 14 14	1024 2 2
000227 1756390121070017 7.001606 1.000567	5 "SCTP Stream 1" 17.530	"Received" 14336 28 8	2048 4 4
000228 1756390121070017 7.001606 1.000567	5 "SCTP Stream 1" 17.530	"Lost"     0 0 0	0 0 0
000229 1756390121070017 7.001606 1.000567	6 "SCTP Stream 2" 31.075	"Sent"     10752 21 21	1536 3 3
000230 1756390121070017 7.001606 1.000567	6 "SCTP Stream 2" 31.075	"Received" 10752 21 6	1536 3 3
000231 1756390121070017 7.001606 1.000567	6 "SCTP Stream 2" 31.075	"Lost"     0 0 0	0 0 0
000232 1756390121070017 7.001606 1.000567	7 "SCTP Stream 3" 0.588	"Sent"     14336 28 28	2048 4 4
000233 1756390121070017 7.001606 1.000567	7 "SCTP Stream 3" 0.588	"Received" 7168 14 4	1024 2 2
000234 1756390121070017 7.001606 1.000567	7 "SCTP Stream 3" 0.588	"Lost"     0 0 0	0 0 0
000235 1756390121070017 7.001606 1.000567	8 "SCTP Stream 4" 0.188	"Sent"     17920 35 35	2560 5 5
000236 1756390121070017 7.001606 1.000567	8 "SCTP Stream 4" 0.188	"Received" 3584 7 2	512 1 1
000237 1756390121070017 7.001606 1.000567	8 "SCTP Stream 4" 0.188	"Lost"     0 0 0	0 0 0
000238 1756390121070017 7.001606 1.000567	-1 "Total" 0	"Sent"     770560 385 385	109568 54 54
000239 1756390121070017 7.001606 1.000567	-1 "Total" 0	"Received" 883448 384 109	126280 55 55
000240 1756390121070017 7.001606 1.000567	-1 "Total" 0	"Lost"     0 0 0	0 0 0
000241 1756390122068628 8.000217 0.998611	0 "TCP" 0.338	"Sent"     327680 80 80	40960 10 10
000242 1756390122068628 8.000217 0.998611	0 "TCP" 0.338	"Received" 392480 80 30	49060 10 10
000243 1756390122068628 8.000217 0.998611	0 "TCP" 0.338	"Lost"     0 0 0	0 0 0
000244 1756390122068628 8.000217 0.998611	1 "MPTCP" 0.260	"Sent"     327680 80 80	40960 10 10
000245 1756390122068628 8.000217 0.998611	1 "MPTCP" 0.260	"Received" 392480 80 30	49060 10 10
000246 1756390122068628 8.000217 0.998611	1 "MPTCP" 0.260	"Lost"     0 0 0	0 0 0
000247 1756390122068628 8.000217 0.998611	2 "UDP" 0.151	"Sent"     81920 80 80	10240 10 10
000248 1756390122068628 8.000217 0.998611	2 "UDP" 0.151	"Received" 81920 80 30	10240 10 10
000249 1756390122068628 8.000217 0.998611	2 "UDP" 0.151	"Lost"     0 0 0	0 0 0
000250 1756390122068628 8.000217 0.998611	3 "DCCP" 0.184	"Sent"     81920 80 80	10240 10 10
000251 1756390122068628 8.000217 0.998611	3 "DCCP" 0.184	"Received" 81920 80 30	10240 10 10
000252 1756390122068628 8.000217 0.998611	3 "DCCP" 0.184	"Lost"     0 0 0	0 0 0
000253 1756390122068628 8.000217 0.998611	4 "SCTP Stream 0" 39.699	"Sent"     4096 8 8	512 1 1
000254 1756390122068628 8.000217 0.998611	4 "SCTP Stream 0" 39.699	"Received" 19968 39 14	2560 5 5
000255 1756390122068628 8.000217 0.998611	4 "SCTP Stream 0" 39.699	"Lost"     0 0 0	0 0 0
000256 1756390122068628 8.000217 0.998611	5 "SCTP Stream 1" 24.017	"Sent"     8192 16 16	1024 2 2
000257 1756390122068628 8.000217 0.998611	5 "SCTP Stream 1" 24.017	"Received" 16384 32 12	2048 4 4
000258 1756390122068628 8.000217 0.998611	5 "SCTP Stream 1" 24.017	"Lost"     0 0 0	0 0 0
000259 1756390122068628 8.000217 0.998611	6 "SCTP Stream 2" 40.879	"Sent"     12288 24 24	1536 3 3
000260 1756390122068628 8.000217 0.998611	6 "SCTP Stream 2" 40.879	"Received" 12288 24 9	1536 3 3
000261 1756390122068628 8.000217 0.998611	6 "SCTP Stream 2" 40.879	"Lost"     0 0 0	0 0 0
000262 1756390122068628 8.000217 0.998611	7 "SCTP Stream 3" 0.533	"Sent"     16384 32 32	2048 4 4
000263 1756390122068628 8.000217 0.998611	7 "SCTP Stream 3" 0.533	"Received" 8192 16 6	1024 2 2
000264 1756390122068628 8.000217 0.998611	7 "SCTP Stream 3" 0.533	"Lost"     0 0 0	0 0 0
000265 1756390122068628 8.000217 0.998611	8 "SCTP Stream 4" 0.184	"Sent"     20480 40 40	2560 5 5
000266 1756390122068628 8.000217 0.998611	8 "SCTP Stream 4" 0.184	"Received" 4096 8 3	512 1 1
000267 1756390122068628 8.000217 0.998611	8 "SCTP Stream 4" 0.184	"Lost"     0 0 0	0 0 0
000268 1756390122068628 8.000217 0.998611	-1 "Total" 0	"Sent"     880640 440 440	110080 55 55
000269 1756390122068628 8.000217 0.998611	-1 "Total" 0	"Received" 1009728 439 164	126280 55 55
000270 1756390122068628 8.000217 0.998611	-1 "Total" 0	"Lost"     0 0 0	0 0 0
000271 1756390123068761 9.000350 1.000133	0 "TCP" 0.297	"Sent"     368640 90 90	40960 10 10
000272 1756390123068761 9.000350 1.000133	0 "TCP" 0.297	"Received" 441540 90 40	49060 10 10
000273 1756390123068761 9.000350 1.000133	0 "TCP" 0.297	"Lost"     0 0 0	0 0 0
000274 1756390123068761 9.000350 1.000133	1 "MPTCP" 0.311	"Sent"     368640 90 90	40960 10 10
000275 1756390123068761 9.000350 1.000133	1 "MPTCP" 0.311	"Received" 441540 90 40	49060 10 10
000276 1756390123068761 9.000350 1.000133	1 "MPTCP" 0.311	"Lost"     0 0 0	0 0 0
000277 1756390123068761 9.000350 1.000133	2 "UDP" 0.127	"Sent"     92160 90 90	10240 10 10
000278 1756390123068761 9.000350 1.000133	2 "UDP" 0.127	"Received" 92160 90 40	10240 10 10
000279 1756390123068761 9.000350 1.000133	2 "UDP" 0.127	"Lost"     0 0 0	0 0 0
000280 1756390123068761 9.000350 1.000133	3 "DCCP" 0.247	"Sent"     92160 90 90	10240 10 10
000281 1756390123068761 9.000350 1.000133	3 "DCCP" 0.247	"Received" 92160 90 40	10240 10 10
000282 1756390123068761 9.000350 1.000133	3 "DCCP" 0.247	"Lost"     0 0 0	0 0 0
000283 1756390123068761 9.000350 1.000133	4 "SCTP Stream 0" 49.084	"Sent"     4608 9 9	512 1 1
000284 1756390123068761 9.000350 1.000133	4 "SCTP Stream 0" 49.084	"Received" 22528 44 19	2560 5 5
000285 1756390123068761 9.000350 1.000133	4 "SCTP Stream 0" 49.084	"Lost"     0 0 0	0 0 0
000286 1756390123068761 9.000350 1.000133	5 "SCTP Stream 1" 28.983	"Sent"     9216 18 18	1024 2 2
000287 1756390123068761 9.000350 1.000133	5 "SCTP Stream 1" 28.983	"Received" 18432 36 16	2048 4 4
000288 1756390123068761 9.000350 1.000133	5 "SCTP Stream 1" 28.983	"Lost"     0 0 0	0 0 0
000289 1756390123068761 9.000350 1.000133	6 "SCTP Stream 2" 48.921	"Sent"     13824 27 27	1536 3 3
000290 1756390123068761 9.000350 1.000133	6 "SCTP Stream 2" 48.921	"Received" 13824 27 12	1536 3 3
000291 1756390123068761 9.000350 1.000133	6 "SCTP Stream 2" 48.921	"Lost"     0 0 0	0 0 0
000292 1756390123068761 9.000350 1.000133	7 "SCTP Stream 3" 0.473	"Sent"     18432 36 36	2048 4 4
000293 1756390123068761 9.000350 1.000133	7 "SCTP Stream 3" 0.473	"Received" 9216 18 8	1024 2 2
000294 1756390123068761 9.000350 1.000133	7 "SCTP Stream 3" 0.473	"Lost"     0 0 0	0 0 0
000295 1756390123068761 9.000350 1.000133	8 "SCTP Stream 4" 0.174	"Sent"     23040 45 45	2560 5 5
000296 1756390123068761 9.000350 1.000133	8 "SCTP Stream 4" 0.174	"Received" 4608 9 4	512 1 1
000297 1756390123068761 9.000350 1.000133	8 "SCTP Stream 4" 0.174	"Lost"     0 0 0	0 0 0
000298 1756390123068761 9.000350 1.000133	-1 "Total" 0	"Sent"     990720 495 495	110080 55 55
000299 1756390123068761 9.000350 1.000133	-1 "Total" 0	"Received" 1136008 494 219	126280 55 55
000300 1756390123068761 9.000350 1.000133	-1 "Total" 0	"Lost"     0 0 0	0 0 0
000301 1756390124069298 10.000887 1.000537	0 "TCP" 0.368	"Sent"     409600 100 100	40960 10 10
000302 1756390124069298 10.000887 1.000537	0 "TCP" 0.368	"Received" 490600 100 50	49060 10 10
000303 1756390124069298 10.000887 1.000537	0 "TCP" 0.368	"Lost"     0 0 0	0 0 0
000304 1756390124069298 10.000887 1.000537	1 "MPTCP" 0.282	"Sent"     409600 100 100	40960 10 10
000305 1756390124069298 10.000887 1.000537	1 "MPTCP" 0.282	"Received" 490600 100 50	49060 10 10
000306 1756390124069298 10.000887 1.000537	1 "MPTCP" 0.282	"Lost"     0 0 0	0 0 0
000307 1756390124069298 10.000887 1.000537	2 "UDP" 0.126	"Sent"     102400 100 100	10240 10 10
000308 1756390124069298 10.000887 1.000537	2 "UDP" 0.126	"Received" 102400 100 50	10240 10 10
000309 1756390124069298 10.000887 1.000537	2 "UDP" 0.126	"Lost"     0 0 0	0 0 0
000310 1756390124069298 10.000887 1.000537	3 "DCCP" 0.259	"Sent"     102400 100 100	10240 10 10
000311 1756390124069298 10.000887 1.000537	3 "DCCP" 0.259	"Received" 102400 100 50	10240 10 10
000312 1756390124069298 10.000887 1.000537	3 "DCCP" 0.259	"Lost"     0 0 0	0 0 0
000313 1756390124069298 10.000887 1.000537	4 "SCTP Stream 0" 55.307	"Sent"     5120 10 10	512 1 1
000314 1756390124069298 10.000887 1.000537	4 "SCTP Stream 0" 55.307	"Received" 25088 49 24	2560 5 5
000315 1756390124069298 10.000887 1.000537	4 "SCTP Stream 0" 55.307	"Lost"     0 0 0	0 0 0
000316 1756390124069298 10.000887 1.000537	5 "SCTP Stream 1" 32.826	"Sent"     10240 20 20	1024 2 2
000317 1756390124069298 10.000887 1.000537	5 "SCTP Stream 1" 32.826	"Received" 20480 40 20	2048 4 4
000318 1756390124069298 10.000887 1.000537	5 "SCTP Stream 1" 32.826	"Lost"     0 0 0	0 0 0
000319 1756390124069298 10.000887 1.000537	6 "SCTP Stream 2" 55.663	"Sent"     15360 30 30	1536 3 3
000320 1756390124069298 10.000887 1.000537	6 "SCTP Stream 2" 55.663	"Received" 15360 30 15	1536 3 3
000321 1756390124069298 10.000887 1.000537	6 "SCTP Stream 2" 55.663	"Lost"     0 0 0	0 0 0
000322 1756390124069298 10.000887 1.000537	7 "SCTP Stream 3" 0.434	"Sent"     20480 40 40	2048 4 4
000323 1756390124069298 10.000887 1.000537	7 "SCTP Stream 3" 0.434	"Received" 10240 20 10	1024 2 2
000324 1756390124069298 10.000887 1.000537	7 "SCTP Stream 3" 0.434	"Lost"     0 0 0	0 0 0
000325 1756390124069298 10.000887 1.000537	8 "SCTP Stream 4" 0.166	"Sent"     25600 50 50	2560 5 5
000326 1756390124069298 10.000887 1.000537	8 "SCTP Stream 4" 0.166	"Received" 5120 10 5	512 1 1
000327 1756390124069298 10.000887 1.000537	8 "SCTP Stream 4" 0.166	"Lost"     0 0 0	0 0 0
000328 1756390124069298 10.000887 1.000537	-1 "Total" 0	"Sent"     1100800 550 550	110080 55 55
000329 1756390124069298 10.000887 1.000537	-1 "Total" 0	"Received" 1262288 549 274	126280 55 55
000330 1756390124069298 10.000887 1.000537	-1 "Total" 0	"Lost"     0 0 0	0 0 0
