AbsTime RelTime SeqNumber	AbsBytes AbsPackets AbsFrames	RelBytes RelPackets RelFrames	Delay PrevPacketDelayDiff Jitter
000001 1756390114071350 0.000374 0	512 1 0	512 1 0	10.641 10.641 0.665
000002 1756390114263008 0.192032 1	1024 2 0	512 1 0	1.358 -9.283 1.204
000003 1756390114463352 0.392376 2	1536 3 0	512 1 0	1.187 -0.171 1.139
000004 1756390114663708 0.592732 3	2048 4 0	512 1 0	1.062 -0.125 1.076
000005 1756390114864991 0.794015 4	2560 5 0	512 1 0	1.664 0.602 1.046
000006 1756390115065900 0.994924 5	3072 6 0	512 1 0	1.990 0.326 1.001
000007 1756390115266131 1.195155 6	3584 7 0	512 1 0	1.689 -0.301 0.957
000008 1756390115466421 1.395445 7	4096 8 0	512 1 0	1.515 -0.174 0.908
000009 1756390115666945 1.595969 8	4608 9 0	512 1 0	1.527 0.012 0.852
000010 1756390115867260 1.796284 9	5120 10 0	512 1 0	1.417 -0.110 0.806
000011 1756390116068736 1.997760 10	5632 11 0	512 1 0	2.419 1.002 0.818
000012 1756390116269430 2.198454 11	6144 12 0	512 1 0	1.939 -0.480 0.797
000013 1756390116469481 2.398505 12	6656 13 0	512 1 0	1.567 -0.372 0.771
000014 1756390116669946 2.598970 13	7168 14 0	512 1 0	1.517 -0.050 0.726
000015 1756390116870593 2.799617 14	7680 15 0	512 1 0	1.674 0.157 0.690
000016 1756390117071751 3.000775 15	8192 16 0	512 1 0	2.173 0.499 0.678
000017 1756390117272362 3.201386 16	8704 17 0	512 1 0	1.766 -0.407 0.661
000018 1756390117472804 3.401828 17	9216 18 0	512 1 0	1.627 -0.139 0.628
000019 1756390117673182 3.602206 18	9728 19 0	512 1 0	1.325 -0.302 0.608
000020 1756390117874682 3.803706 19	10240 20 0	512 1 0	1.614 0.289 0.588
000021 1756390118075463 4.004487 20	10752 21 0	512 1 0	1.841 0.227 0.566
000022 1756390118276212 4.205236 21	11264 22 0	512 1 0	1.739 -0.102 0.537
000023 1756390118476693 4.405717 22	11776 23 0	512 1 0	1.647 -0.092 0.509
000024 1756390118677015 4.606039 23	12288 24 0	512 1 0	1.407 -0.240 0.492
000025 1756390118877522 4.806546 24	12800 25 0	512 1 0	1.558 0.151 0.471
000026 1756390119078541 5.007565 25	13312 26 1	512 1 1	2.152 0.594 0.478
000027 1756390119278539 5.207563 26	13824 27 2	512 1 1	1.647 -0.505 0.480
000028 1756390119479151 5.408175 27	14336 28 3	512 1 1	1.709 0.062 0.454
000029 1756390119679251 5.608275 28	14848 29 4	512 1 1	1.399 -0.310 0.445
000030 1756390119880159 5.809183 29	15360 30 5	512 1 1	1.516 0.117 0.424
000031 1756390120080278 6.009302 30	15872 31 6	512 1 1	1.050 -0.466 0.427
000032 1756390120281297 6.210321 31	16384 32 7	512 1 1	1.618 0.568 0.436
000033 1756390120481998 6.411022 32	16896 33 8	512 1 1	1.743 0.125 0.416
000034 1756390120682379 6.611403 33	17408 34 9	512 1 1	1.453 -0.290 0.409
000035 1756390120883317 6.812341 34	17920 35 10	512 1 1	1.689 0.236 0.398
000036 1756390121083131 7.012155 35	18432 36 11	512 1 1	1.203 -0.486 0.403
000037 1756390121284360 7.213384 36	18944 37 12	512 1 1	1.395 0.192 0.390
000038 1756390121484962 7.413986 37	19456 38 13	512 1 1	1.486 0.091 0.371
000039 1756390121685743 7.614767 38	19968 39 14	512 1 1	1.541 0.055 0.352
000040 1756390121886916 7.815940 39	20480 40 15	512 1 1	1.864 0.323 0.350
000041 1756390122086877 8.015901 40	20992 41 16	512 1 1	1.263 -0.601 0.365
000042 1756390122287671 8.216695 41	21504 42 17	512 1 1	1.806 0.543 0.377
000043 1756390122488096 8.417120 42	22016 43 18	512 1 1	1.633 -0.173 0.364
000044 1756390122688536 8.617560 43	22528 44 19	512 1 1	1.565 -0.068 0.345
000045 1756390122889216 8.818240 44	23040 45 20	512 1 1	1.673 0.108 0.331
000046 1756390123089270 9.018294 45	23552 46 21	512 1 1	1.344 -0.329 0.330
000047 1756390123290051 9.219075 46	24064 47 22	512 1 1	1.600 0.256 0.326
000048 1756390123490515 9.419539 47	24576 48 23	512 1 1	1.492 -0.108 0.312
000049 1756390123691119 9.620143 48	25088 49 24	512 1 1	1.570 0.078 0.298
000050 1756390123891447 9.820471 49	25600 50 25	512 1 1	1.478 -0.092 0.285
