AbsTime RelTime SeqNumber	AbsBytes AbsPackets AbsFrames	RelBytes RelPackets RelFrames	Delay PrevPacketDelayDiff Jitter
000001 1756391140160982 0.092463 1	2048 2 0	1024 1 0	1.655 -1.120 0.233
000002 1756391140261351 0.192832 2	3072 3 0	1024 1 0	1.727 0.072 0.223
000003 1756391140361685 0.293166 3	4096 4 0	1024 1 0	1.731 0.004 0.209
000004 1756391140461675 0.393156 4	5120 5 0	1024 1 0	1.375 -0.356 0.218
000005 1756391140564125 0.495606 5	6144 6 0	1024 1 0	2.109 0.734 0.250
000006 1756391140664873 0.596354 6	7168 7 0	1024 1 0	2.392 0.283 0.252
000007 1756391140764973 0.696454 7	8192 8 0	1024 1 0	1.833 -0.559 0.272
000008 1756391140865679 0.797160 8	9216 9 0	1024 1 0	1.507 -0.326 0.275
000009 1756391140966219 0.897700 9	10240 10 0	1024 1 0	1.598 0.091 0.263
000010 1756391141067042 0.998523 10	11264 11 0	1024 1 0	1.584 -0.014 0.248
000011 1756391141168177 1.099658 11	12288 12 0	1024 1 0	1.639 0.055 0.236
000012 1756391141268675 1.200156 12	13312 13 0	1024 1 0	1.513 -0.126 0.229
000013 1756391141368640 1.300121 13	14336 14 0	1024 1 0	1.165 -0.348 0.236
000014 1756391141469289 1.400770 14	15360 15 0	1024 1 0	1.408 0.243 0.237
000015 1756391141571288 1.502769 15	16384 16 0	1024 1 0	2.498 1.090 0.290
000016 1756391141670586 1.602067 16	17408 17 0	1024 1 0	1.152 -1.346 0.356
000017 1756391141771303 1.702784 17	18432 18 0	1024 1 0	1.380 0.228 0.348
000018 1756391141872338 1.803819 18	19456 19 0	1024 1 0	1.433 0.053 0.330
000019 1756391141972267 1.903748 19	20480 20 0	1024 1 0	1.153 -0.280 0.327
000020 1756391142072508 2.003989 20	21504 21 0	1024 1 0	1.110 -0.043 0.309
000021 1756391142173217 2.104698 21	22528 22 0	1024 1 0	1.109 -0.001 0.290
000022 1756391142273313 2.204794 22	23552 23 0	1024 1 0	1.072 -0.037 0.274
000023 1756391142373898 2.305379 23	24576 24 0	1024 1 0	1.266 0.194 0.269
000024 1756391142474310 2.405791 24	25600 25 0	1024 1 0	1.299 0.033 0.254
000025 1756391142575270 2.506751 25	26624 26 0	1024 1 0	1.328 0.029 0.240
000026 1756391142675382 2.606863 26	27648 27 0	1024 1 0	1.241 -0.087 0.230
000027 1756391142775373 2.706854 27	28672 28 0	1024 1 0	1.124 -0.117 0.223
000028 1756391142876327 2.807808 28	29696 29 0	1024 1 0	1.428 0.304 0.228
000029 1756391142976776 2.908257 29	30720 30 0	1024 1 0	1.261 -0.167 0.225
000030 1756391143077598 3.009079 30	31744 31 0	1024 1 0	1.364 0.103 0.217
000031 1756391143178305 3.109786 31	32768 32 0	1024 1 0	1.427 0.063 0.207
000032 1756391143278986 3.210467 32	33792 33 0	1024 1 0	1.498 0.071 0.199
000033 1756391143379471 3.310952 33	34816 34 0	1024 1 0	1.429 -0.069 0.191
000034 1756391143480196 3.411677 34	35840 35 0	1024 1 0	1.629 0.200 0.191
000035 1756391143580599 3.512080 35	36864 36 0	1024 1 0	1.352 -0.277 0.197
000036 1756391143681151 3.612632 36	37888 37 0	1024 1 0	1.658 0.306 0.203
000037 1756391143781204 3.712685 37	38912 38 0	1024 1 0	1.416 -0.242 0.206
000038 1756391143881935 3.813416 38	39936 39 0	1024 1 0	1.498 0.082 0.198
000039 1756391143982195 3.913676 39	40960 40 0	1024 1 0	1.281 -0.217 0.199
000040 1756391144082478 4.013959 40	41984 41 0	1024 1 0	1.195 -0.086 0.192
000041 1756391144183046 4.114527 41	43008 42 0	1024 1 0	1.321 0.126 0.188
000042 1756391144284116 4.215597 42	44032 43 0	1024 1 0	1.593 0.272 0.193
000043 1756391144384527 4.316008 43	45056 44 0	1024 1 0	1.587 -0.006 0.182
000044 1756391144485287 4.416768 44	46080 45 0	1024 1 0	1.598 0.011 0.171
000045 1756391144585977 4.517458 45	47104 46 0	1024 1 0	1.589 -0.009 0.161
000046 1756391144685990 4.617471 46	48128 47 0	1024 1 0	1.229 -0.360 0.173
000047 1756391144786856 4.718337 47	49152 48 0	1024 1 0	1.613 0.384 0.186
000048 1756391144886683 4.818164 48	50176 49 0	1024 1 0	1.163 -0.450 0.203
000049 1756391144987894 4.919375 49	51200 50 0	1024 1 0	1.739 0.576 0.226
000050 1756391145088003 5.019484 50	52224 51 1	1024 1 1	1.418 -0.321 0.232
000051 1756391145188634 5.120115 51	53248 52 2	1024 1 1	1.532 0.114 0.225
000052 1756391145288447 5.219928 52	54272 53 3	1024 1 1	0.990 -0.542 0.245
000053 1756391145389158 5.320639 53	55296 54 4	1024 1 1	1.452 0.462 0.258
000054 1756391145489908 5.421389 54	56320 55 5	1024 1 1	1.163 -0.289 0.260
000055 1756391145590609 5.522090 55	57344 56 6	1024 1 1	1.248 0.085 0.249
000056 1756391145690716 5.622197 56	58368 57 7	1024 1 1	1.121 -0.127 0.242
000057 1756391145791268 5.722749 57	59392 58 8	1024 1 1	1.353 0.232 0.241
000058 1756391145891331 5.822812 58	60416 59 9	1024 1 1	1.146 -0.207 0.239
000059 1756391145991929 5.923410 59	61440 60 10	1024 1 1	1.393 0.247 0.239
000060 1756391146092018 6.023499 60	62464 61 11	1024 1 1	1.129 -0.264 0.241
000061 1756391146192864 6.124345 61	63488 62 12	1024 1 1	1.358 0.229 0.240
000062 1756391146293231 6.224712 62	64512 63 13	1024 1 1	1.403 0.045 0.228
000063 1756391146393309 6.324790 63	65536 64 14	1024 1 1	1.281 -0.122 0.221
000064 1756391146493678 6.425159 64	66560 65 15	1024 1 1	1.320 0.039 0.210
000065 1756391146593976 6.525457 65	67584 66 16	1024 1 1	1.342 0.022 0.198
000066 1756391146694457 6.625938 66	68608 67 17	1024 1 1	1.457 0.115 0.193
000067 1756391146795357 6.726838 67	69632 68 18	1024 1 1	1.816 0.359 0.203
000068 1756391146895843 6.827324 68	70656 69 19	1024 1 1	1.812 -0.004 0.191
000069 1756391146996157 6.927638 69	71680 70 20	1024 1 1	1.675 -0.137 0.188
000070 1756391147096284 7.027765 70	72704 71 21	1024 1 1	1.418 -0.257 0.192
000071 1756391147196877 7.128358 71	73728 72 22	1024 1 1	1.572 0.154 0.190
000072 1756391147297207 7.228688 72	74752 73 23	1024 1 1	1.620 0.048 0.181
000073 1756391147397730 7.329211 73	75776 74 24	1024 1 1	1.723 0.103 0.176
000074 1756391147498173 7.429654 74	76800 75 25	1024 1 1	1.683 -0.040 0.167
000075 1756391147598482 7.529963 75	77824 76 26	1024 1 1	1.489 -0.194 0.169
000076 1756391147698730 7.630211 76	78848 77 27	1024 1 1	1.220 -0.269 0.175
000077 1756391147799605 7.731086 77	79872 78 28	1024 1 1	1.613 0.393 0.189
000078 1756391147900007 7.831488 78	80896 79 29	1024 1 1	1.698 0.085 0.182
000079 1756391148000464 7.931945 79	81920 80 30	1024 1 1	1.562 -0.136 0.179
000080 1756391148100991 8.032472 80	82944 81 31	1024 1 1	1.363 -0.199 0.181
000081 1756391148201756 8.133237 81	83968 82 32	1024 1 1	1.802 0.439 0.197
000082 1756391148302389 8.233870 82	84992 83 33	1024 1 1	1.417 -0.385 0.209
000083 1756391148402881 8.334362 83	86016 84 34	1024 1 1	1.370 -0.047 0.198
000084 1756391148503489 8.434970 84	87040 85 35	1024 1 1	1.602 0.232 0.201
000085 1756391148604201 8.535682 85	88064 86 36	1024 1 1	1.634 0.032 0.190
000086 1756391148705353 8.636834 86	89088 87 37	1024 1 1	2.393 0.759 0.226
000087 1756391148805142 8.736623 87	90112 88 38	1024 1 1	1.431 -0.962 0.272
000088 1756391148906529 8.838010 88	91136 89 39	1024 1 1	1.879 0.448 0.283
000089 1756391149006970 8.938451 89	92160 90 40	1024 1 1	1.574 -0.305 0.284
000090 1756391149107259 9.038740 90	93184 91 41	1024 1 1	1.522 -0.052 0.270
000091 1756391149207922 9.139403 91	94208 92 42	1024 1 1	1.737 0.215 0.266
000092 1756391149308208 9.239689 92	95232 93 43	1024 1 1	1.540 -0.197 0.262
000093 1756391149408313 9.339794 93	96256 94 44	1024 1 1	1.363 -0.177 0.257
000094 1756391149508882 9.440363 94	97280 95 45	1024 1 1	1.527 0.164 0.251
000095 1756391149609284 9.540765 95	98304 96 46	1024 1 1	1.365 -0.162 0.245
000096 1756391149709814 9.641295 96	99328 97 47	1024 1 1	1.659 0.294 0.248
000097 1756391149810061 9.741542 97	100352 98 48	1024 1 1	1.629 -0.030 0.235
000098 1756391149910583 9.842064 98	101376 99 49	1024 1 1	1.576 -0.053 0.223
000099 1756391150011612 9.943093 99	102400 100 50	1024 1 1	1.670 0.094 0.215
000100 1756391150112160 10.043641 100	103424 101 51	1024 1 1	1.556 -0.114 0.209
000101 1756391150213150 10.144631 101	104448 102 52	1024 1 1	1.523 -0.033 0.198
000102 1756391150313858 10.245339 102	105472 103 53	1024 1 1	1.856 0.333 0.206
000103 1756391150413921 10.345402 103	106496 104 54	1024 1 1	1.382 -0.474 0.223
000104 1756391150514381 10.445862 104	107520 105 55	1024 1 1	1.503 0.121 0.217
000105 1756391150614607 10.546088 105	108544 106 56	1024 1 1	1.514 0.011 0.204
000106 1756391150715005 10.646486 106	109568 107 57	1024 1 1	1.535 0.021 0.192
000107 1756391150815455 10.746936 107	110592 108 58	1024 1 1	1.438 -0.097 0.186
000108 1756391150915850 10.847331 108	111616 109 59	1024 1 1	1.484 0.046 0.178
000109 1756391151016616 10.948097 109	112640 110 60	1024 1 1	1.720 0.236 0.181
000110 1756391151116578 11.048059 110	113664 111 61	1024 1 1	1.220 -0.500 0.201
000111 1756391151217395 11.148876 111	114688 112 62	1024 1 1	1.619 0.399 0.214
000112 1756391151317902 11.249383 112	115712 113 63	1024 1 1	1.836 0.217 0.214
000113 1756391151417853 11.349334 113	116736 114 64	1024 1 1	1.440 -0.396 0.225
000114 1756391151518395 11.449876 114	117760 115 65	1024 1 1	1.388 -0.052 0.214
000115 1756391151618877 11.550358 115	118784 116 66	1024 1 1	1.484 0.096 0.207
000116 1756391151719341 11.650822 116	119808 117 67	1024 1 1	1.566 0.082 0.199
000117 1756391151819495 11.750976 117	120832 118 68	1024 1 1	1.455 -0.111 0.194
000118 1756391151920381 11.851862 118	121856 119 69	1024 1 1	1.644 0.189 0.193
000119 1756391152020687 11.952168 119	122880 120 70	1024 1 1	1.639 -0.005 0.182
000120 1756391152121058 12.052539 120	123904 121 71	1024 1 1	1.477 -0.162 0.180
000121 1756391152221710 12.153191 121	124928 122 72	1024 1 1	1.718 0.241 0.184
000122 1756391152322010 12.253491 122	125952 123 73	1024 1 1	1.669 -0.049 0.176
000123 1756391152422952 12.354433 123	126976 124 74	1024 1 1	2.177 0.508 0.196
000124 1756391152522585 12.454066 124	128000 125 75	1024 1 1	1.542 -0.635 0.224
000125 1756391152622984 12.554465 125	129024 126 76	1024 1 1	1.522 -0.020 0.211
000126 1756391152723415 12.654896 126	130048 127 77	1024 1 1	1.539 0.017 0.199
000127 1756391152823914 12.755395 127	131072 128 78	1024 1 1	1.582 0.043 0.189
000128 1756391152925952 12.857433 128	132096 129 79	1024 1 1	3.064 1.482 0.270
000129 1756391153025137 12.956618 129	133120 130 80	1024 1 1	1.591 -1.473 0.345
000130 1756391153125462 13.056943 130	134144 131 81	1024 1 1	1.274 -0.317 0.343
000131 1756391153226553 13.158034 131	135168 132 82	1024 1 1	1.539 0.265 0.339
000132 1756391153326855 13.258336 132	136192 133 83	1024 1 1	1.524 -0.015 0.318
000133 1756391153427957 13.359438 133	137216 134 84	1024 1 1	2.286 0.762 0.346
000134 1756391153528261 13.459742 134	138240 135 85	1024 1 1	1.490 -0.796 0.374
000135 1756391153629338 13.560819 135	139264 136 86	1024 1 1	1.482 -0.008 0.351
000136 1756391153730166 13.661647 136	140288 137 87	1024 1 1	1.553 0.071 0.334
000137 1756391153831611 13.763092 137	141312 138 88	1024 1 1	1.714 0.161 0.323
000138 1756391153932269 13.863750 138	142336 139 89	1024 1 1	1.643 -0.071 0.307
000139 1756391154033033 13.964514 139	143360 140 90	1024 1 1	1.348 -0.295 0.306
000140 1756391154134161 14.065642 140	144384 141 91	1024 1 1	1.426 0.078 0.292
000141 1756391154235148 14.166629 141	145408 142 92	1024 1 1	1.838 0.412 0.300
000142 1756391154335218 14.266699 142	146432 143 93	1024 1 1	1.593 -0.245 0.296
000143 1756391154436511 14.367992 143	147456 144 94	1024 1 1	1.604 0.011 0.278
000144 1756391154536516 14.467997 144	148480 145 95	1024 1 1	1.283 -0.321 0.281
000145 1756391154637261 14.568742 145	149504 146 96	1024 1 1	1.401 0.118 0.271
000146 1756391154737761 14.669242 146	150528 147 97	1024 1 1	1.271 -0.130 0.262
000147 1756391154838474 14.769955 147	151552 148 98	1024 1 1	1.321 0.050 0.249
000148 1756391154938618 14.870099 148	152576 149 99	1024 1 1	1.146 -0.175 0.244
000149 1756391155039174 14.970655 149	153600 150 100	1024 1 1	1.301 0.155 0.239
000150 1756391155139542 15.071023 150	154624 151 101	1024 1 1	1.309 0.008 0.224
000151 1756391155240222 15.171703 151	155648 152 102	1024 1 1	1.662 0.353 0.232
000152 1756391155341515 15.272996 152	156672 153 103	1024 1 1	1.612 -0.050 0.221
000153 1756391155442110 15.373591 153	157696 154 104	1024 1 1	1.203 -0.409 0.233
000154 1756391155543313 15.474794 154	158720 155 105	1024 1 1	1.538 0.335 0.239
000155 1756391155643770 15.575251 155	159744 156 106	1024 1 1	1.733 0.195 0.236
000156 1756391155744931 15.676412 156	160768 157 107	1024 1 1	2.021 0.288 0.240
000157 1756391155845116 15.776597 157	161792 158 108	1024 1 1	1.739 -0.282 0.242
000158 1756391155946161 15.877642 158	162816 159 109	1024 1 1	2.302 0.563 0.262
000159 1756391156045940 15.977421 159	163840 160 110	1024 1 1	1.652 -0.650 0.286
000160 1756391156147278 16.078759 160	164864 161 111	1024 1 1	2.523 0.871 0.323
000161 1756391156246848 16.178329 161	165888 162 112	1024 1 1	1.654 -0.869 0.357
000162 1756391156347256 16.278737 162	166912 163 113	1024 1 1	1.663 0.009 0.335
000163 1756391156448131 16.379612 163	167936 164 114	1024 1 1	1.443 -0.220 0.328
000164 1756391156548673 16.480154 164	168960 165 115	1024 1 1	1.413 -0.030 0.310
000165 1756391156649949 16.581430 165	169984 166 116	1024 1 1	2.319 0.906 0.347
000166 1756391156749951 16.681432 166	171008 167 117	1024 1 1	1.431 -0.888 0.381
000167 1756391156850381 16.781862 167	172032 168 118	1024 1 1	1.381 -0.050 0.360
000168 1756391156951188 16.882669 168	173056 169 119	1024 1 1	1.046 -0.335 0.358
000169 1756391157051953 16.983434 169	174080 170 120	1024 1 1	1.548 0.502 0.367
000170 1756391157153913 17.085394 170	175104 171 121	1024 1 1	2.748 1.200 0.419
000171 1756391157253350 17.184831 171	176128 172 122	1024 1 1	1.603 -1.145 0.465
000172 1756391157354558 17.286039 172	177152 173 123	1024 1 1	1.233 -0.370 0.459
000173 1756391157455446 17.386927 173	178176 174 124	1024 1 1	1.420 0.187 0.442
000174 1756391157555693 17.487174 174	179200 175 125	1024 1 1	1.383 -0.037 0.417
000175 1756391157656669 17.588150 175	180224 176 126	1024 1 1	1.624 0.241 0.406
000176 1756391157756761 17.688242 176	181248 177 127	1024 1 1	1.332 -0.292 0.398
000177 1756391157857360 17.788841 177	182272 178 128	1024 1 1	1.677 0.345 0.395
000178 1756391157957314 17.888795 178	183296 179 129	1024 1 1	1.349 -0.328 0.391
000179 1756391158058447 17.989928 179	184320 180 130	1024 1 1	1.836 0.487 0.397
000180 1756391158158572 18.090053 180	185344 181 131	1024 1 1	1.267 -0.569 0.408
000181 1756391158259647 18.191128 181	186368 182 132	1024 1 1	1.771 0.504 0.414
000182 1756391158359963 18.291444 182	187392 183 133	1024 1 1	1.542 -0.229 0.402
000183 1756391158460191 18.391672 183	188416 184 134	1024 1 1	1.353 -0.189 0.389
000184 1756391158561079 18.492560 184	189440 185 135	1024 1 1	1.647 0.294 0.383
000185 1756391158661291 18.592772 185	190464 186 136	1024 1 1	1.345 -0.302 0.378
000186 1756391158761610 18.693091 186	191488 187 137	1024 1 1	1.447 0.102 0.361
000187 1756391158861964 18.793445 187	192512 188 138	1024 1 1	1.438 -0.009 0.339
000188 1756391158962226 18.893707 188	193536 189 139	1024 1 1	1.265 -0.173 0.328
000189 1756391159062560 18.994041 189	194560 190 140	1024 1 1	1.248 -0.017 0.309
000190 1756391159162524 19.094005 190	195584 191 141	1024 1 1	0.953 -0.295 0.308
000191 1756391159263482 19.194963 191	196608 192 142	1024 1 1	1.378 0.425 0.315
000192 1756391159364013 19.295494 192	197632 193 143	1024 1 1	1.326 -0.052 0.299
000193 1756391159464530 19.396011 193	198656 194 144	1024 1 1	1.592 0.266 0.297
000194 1756391159565025 19.496506 194	199680 195 145	1024 1 1	1.299 -0.293 0.297
000195 1756391159666009 19.597490 195	200704 196 146	1024 1 1	1.621 0.322 0.298
000196 1756391159766937 19.698418 196	201728 197 147	1024 1 1	1.427 -0.194 0.292
000197 1756391159867276 19.798757 197	202752 198 148	1024 1 1	1.492 0.065 0.277
000198 1756391159967425 19.898906 198	203776 199 149	1024 1 1	1.258 -0.234 0.275
000199 1756391160068326 19.999807 199	204800 200 150	1024 1 1	1.621 0.363 0.280
000200 1756391160168268 20.099749 200	205824 201 151	1024 1 1	1.292 -0.329 0.283
000201 1756391160269004 20.200485 201	206848 202 152	1024 1 1	1.621 0.329 0.286
000202 1756391160369316 20.300797 202	207872 203 153	1024 1 1	1.458 -0.163 0.278
000203 1756391160469770 20.401251 203	208896 204 154	1024 1 1	1.179 -0.279 0.278
000204 1756391160570108 20.501589 204	209920 205 155	1024 1 1	1.227 0.048 0.264
000205 1756391160671365 20.602846 205	210944 206 156	1024 1 1	1.369 0.142 0.256
000206 1756391160772266 20.703747 206	211968 207 157	1024 1 1	1.392 0.023 0.242
000207 1756391160872522 20.804003 207	212992 208 158	1024 1 1	1.414 0.022 0.228
000208 1756391160973126 20.904607 208	214016 209 159	1024 1 1	1.439 0.025 0.215
000209 1756391161073525 21.005006 209	215040 210 160	1024 1 1	1.548 0.109 0.209
000210 1756391161173675 21.105156 210	216064 211 161	1024 1 1	1.317 -0.231 0.210
000211 1756391161274322 21.205803 211	217088 212 162	1024 1 1	1.575 0.258 0.213
000212 1756391161374915 21.306396 212	218112 213 163	1024 1 1	1.551 -0.024 0.201
000213 1756391161475331 21.406812 213	219136 214 164	1024 1 1	1.547 -0.004 0.189
000214 1756391161575556 21.507037 214	220160 215 165	1024 1 1	1.259 -0.288 0.195
000215 1756391161676260 21.607741 215	221184 216 166	1024 1 1	1.497 0.238 0.198
000216 1756391161776711 21.708192 216	222208 217 167	1024 1 1	1.344 -0.153 0.195
000217 1756391161877275 21.808756 217	223232 218 168	1024 1 1	1.559 0.215 0.196
000218 1756391161977697 21.909178 218	224256 219 169	1024 1 1	1.238 -0.321 0.204
000219 1756391162078537 22.010018 219	225280 220 170	1024 1 1	1.648 0.410 0.217
000220 1756391162178826 22.110307 220	226304 221 171	1024 1 1	1.410 -0.238 0.218
000221 1756391162279474 22.210955 221	227328 222 172	1024 1 1	1.546 0.136 0.213
000222 1756391162380469 22.311950 222	228352 223 173	1024 1 1	1.343 -0.203 0.213
000223 1756391162480929 22.412410 223	229376 224 174	1024 1 1	1.419 0.076 0.204
000224 1756391162582060 22.513541 224	230400 225 175	1024 1 1	1.576 0.157 0.201
000225 1756391162682514 22.613995 225	231424 226 176	1024 1 1	1.469 -0.107 0.195
000226 1756391162783467 22.714948 226	232448 227 177	1024 1 1	1.578 0.109 0.190
000227 1756391162884235 22.815716 227	233472 228 178	1024 1 1	1.260 -0.318 0.198
000228 1756391162984351 22.915832 228	234496 229 179	1024 1 1	1.161 -0.099 0.192
000229 1756391163085657 23.017138 229	235520 230 180	1024 1 1	1.314 0.153 0.189
000230 1756391163185840 23.117321 230	236544 231 181	1024 1 1	1.206 -0.108 0.184
000231 1756391163286408 23.217889 231	237568 232 182	1024 1 1	1.440 0.234 0.187
000232 1756391163387364 23.318845 232	238592 233 183	1024 1 1	1.274 -0.166 0.186
000233 1756391163487994 23.419475 233	239616 234 184	1024 1 1	1.487 0.213 0.188
000234 1756391163588213 23.519694 234	240640 235 185	1024 1 1	1.300 -0.187 0.188
000235 1756391163689150 23.620631 235	241664 236 186	1024 1 1	1.729 0.429 0.203
000236 1756391163789386 23.720867 236	242688 237 187	1024 1 1	1.376 -0.353 0.212
000237 1756391163890251 23.821732 237	243712 238 188	1024 1 1	1.645 0.269 0.216
000238 1756391163990192 23.921673 238	244736 239 189	1024 1 1	1.231 -0.414 0.228
000239 1756391164090979 24.022460 239	245760 240 190	1024 1 1	1.684 0.453 0.242
000240 1756391164191054 24.122535 240	246784 241 191	1024 1 1	1.388 -0.296 0.245
000241 1756391164291597 24.223078 241	247808 242 192	1024 1 1	1.621 0.233 0.245
000242 1756391164391835 24.323316 242	248832 243 193	1024 1 1	1.517 -0.104 0.236
000243 1756391164492441 24.423922 243	249856 244 194	1024 1 1	1.697 0.180 0.232
000244 1756391164592621 24.524102 244	250880 245 195	1024 1 1	1.405 -0.292 0.236
000245 1756391164693208 24.624689 245	251904 246 196	1024 1 1	1.579 0.174 0.232
000246 1756391164793434 24.724915 246	252928 247 197	1024 1 1	1.512 -0.067 0.222
000247 1756391164893881 24.825362 247	253952 248 198	1024 1 1	1.686 0.174 0.219
000248 1756391164994057 24.925538 248	254976 249 199	1024 1 1	1.464 -0.222 0.219
000249 1756391165094715 25.026196 249	256000 250 200	1024 1 1	1.742 0.278 0.223
000250 1756391165195028 25.126509 250	257024 251 201	1024 1 1	1.349 -0.393 0.233
000251 1756391165295901 25.227382 251	258048 252 202	1024 1 1	1.745 0.396 0.244
000252 1756391165396366 25.327847 252	259072 253 203	1024 1 1	1.504 -0.241 0.243
000253 1756391165497269 25.428750 253	260096 254 204	1024 1 1	1.479 -0.025 0.230
000254 1756391165598669 25.530150 254	261120 255 205	1024 1 1	1.590 0.111 0.222
000255 1756391165699634 25.631115 255	262144 256 206	1024 1 1	1.547 -0.043 0.211
000256 1756391165799863 25.731344 256	263168 257 207	1024 1 1	1.445 -0.102 0.204
000257 1756391165900711 25.832192 257	264192 258 208	1024 1 1	1.712 0.267 0.208
000258 1756391166000964 25.932445 258	265216 259 209	1024 1 1	1.567 -0.145 0.204
000259 1756391166101211 26.032692 259	266240 260 210	1024 1 1	1.611 0.044 0.194
000260 1756391166201857 26.133338 260	267264 261 211	1024 1 1	1.883 0.272 0.199
000261 1756391166302242 26.233723 261	268288 262 212	1024 1 1	1.735 -0.148 0.196
000262 1756391166402210 26.333691 262	269312 263 213	1024 1 1	1.335 -0.400 0.209
000263 1756391166502755 26.434236 263	270336 264 214	1024 1 1	1.579 0.244 0.211
000264 1756391166603256 26.534737 264	271360 265 215	1024 1 1	1.640 0.061 0.202
000265 1756391166703521 26.635002 265	272384 266 216	1024 1 1	1.599 -0.041 0.191
000266 1756391166803856 26.735337 266	273408 267 217	1024 1 1	1.501 -0.098 0.186
000267 1756391166904552 26.836033 267	274432 268 218	1024 1 1	1.624 0.123 0.182
000268 1756391167005188 26.936669 268	275456 269 219	1024 1 1	1.498 -0.126 0.178
000269 1756391167106013 27.037494 269	276480 270 220	1024 1 1	1.458 -0.040 0.170
000270 1756391167206415 27.137896 270	277504 271 221	1024 1 1	1.391 -0.067 0.163
000271 1756391167306769 27.238250 271	278528 272 222	1024 1 1	1.450 0.059 0.157
000272 1756391167407071 27.338552 272	279552 273 223	1024 1 1	1.418 -0.032 0.149
000273 1756391167507175 27.438656 273	280576 274 224	1024 1 1	1.249 -0.169 0.150
000274 1756391167608229 27.539710 274	281600 275 225	1024 1 1	1.243 -0.006 0.141
000275 1756391167709159 27.640640 275	282624 276 226	1024 1 1	1.402 0.159 0.142
000276 1756391167809970 27.741451 276	283648 277 227	1024 1 1	1.413 0.011 0.134
000277 1756391167910502 27.841983 277	284672 278 228	1024 1 1	1.518 0.105 0.132
000278 1756391168011284 27.942765 278	285696 279 229	1024 1 1	1.670 0.152 0.133
000279 1756391168112023 28.043504 279	286720 280 230	1024 1 1	1.502 -0.168 0.136
000280 1756391168212887 28.144368 280	287744 281 231	1024 1 1	1.535 0.033 0.129
000281 1756391168313310 28.244791 281	288768 282 232	1024 1 1	1.660 0.125 0.129
000282 1756391168413636 28.345117 282	289792 283 233	1024 1 1	1.435 -0.225 0.135
000283 1756391168514344 28.445825 283	290816 284 234	1024 1 1	1.718 0.283 0.144
000284 1756391168614600 28.546081 284	291840 285 235	1024 1 1	1.366 -0.352 0.157
000285 1756391168715295 28.646776 285	292864 286 236	1024 1 1	1.615 0.249 0.163
000286 1756391168815891 28.747372 286	293888 287 237	1024 1 1	1.603 -0.012 0.153
000287 1756391168916372 28.847853 287	294912 288 238	1024 1 1	1.667 0.064 0.148
000288 1756391169016917 28.948398 288	295936 289 239	1024 1 1	1.534 -0.133 0.147
000289 1756391169117040 29.048521 289	296960 290 240	1024 1 1	1.406 -0.128 0.146
000290 1756391169217380 29.148861 290	297984 291 241	1024 1 1	1.523 0.117 0.144
000291 1756391169318279 29.249760 291	299008 292 242	1024 1 1	1.531 0.008 0.135
000292 1756391169418879 29.350360 292	300032 293 243	1024 1 1	1.641 0.110 0.134
000293 1756391169519363 29.450844 293	301056 294 244	1024 1 1	1.571 -0.070 0.130
000294 1756391169620215 29.551696 294	302080 295 245	1024 1 1	1.310 -0.261 0.138
000295 1756391169720898 29.652379 295	303104 296 246	1024 1 1	1.768 0.458 0.158
000296 1756391169821247 29.752728 296	304128 297 247	1024 1 1	1.601 -0.167 0.159
000297 1756391169921969 29.853450 297	305152 298 248	1024 1 1	1.976 0.375 0.172
000298 1756391170022298 29.953779 298	306176 299 249	1024 1 1	1.299 -0.677 0.204
000299 1756391170122986 30.054467 299	307200 300 250	1024 1 1	1.487 0.188 0.203
000300 1756391170223167 30.154648 300	308224 301 251	1024 1 1	1.218 -0.269 0.207
000301 1756391170326102 30.257583 301	309248 302 252	1024 1 1	1.677 0.459 0.223
000302 1756391170426602 30.358083 302	310272 303 253	1024 1 1	1.276 -0.401 0.234
000303 1756391170528517 30.459998 303	311296 304 254	1024 1 1	1.665 0.389 0.243
000304 1756391170628501 30.559982 304	312320 305 255	1024 1 1	1.303 -0.362 0.251
000305 1756391170730458 30.661939 305	313344 306 256	1024 1 1	1.615 0.312 0.255
000306 1756391170831221 30.762702 306	314368 307 257	1024 1 1	1.529 -0.086 0.244
000307 1756391170931954 30.863435 307	315392 308 258	1024 1 1	1.638 0.109 0.236
000308 1756391171032281 30.963762 308	316416 309 259	1024 1 1	1.365 -0.273 0.238
000309 1756391171132896 31.064377 309	317440 310 260	1024 1 1	1.506 0.141 0.232
000310 1756391171233696 31.165177 310	318464 311 261	1024 1 1	1.541 0.035 0.220
000311 1756391171334170 31.265651 311	319488 312 262	1024 1 1	1.341 -0.200 0.218
000312 1756391171434280 31.365761 312	320512 313 263	1024 1 1	1.230 -0.111 0.212
000313 1756391171535162 31.466643 313	321536 314 264	1024 1 1	1.398 0.168 0.209
000314 1756391171635243 31.566724 314	322560 315 265	1024 1 1	1.132 -0.266 0.213
000315 1756391171735675 31.667156 315	323584 316 266	1024 1 1	1.166 0.034 0.201
000316 1756391171836215 31.767696 316	324608 317 267	1024 1 1	1.328 0.162 0.199
000317 1756391171936749 31.868230 317	325632 318 268	1024 1 1	1.374 0.046 0.189
000318 1756391172037334 31.968815 318	326656 319 269	1024 1 1	1.528 0.154 0.187
000319 1756391172137893 32.069374 319	327680 320 270	1024 1 1	1.550 0.022 0.177
000320 1756391172238066 32.169547 320	328704 321 271	1024 1 1	1.390 -0.160 0.176
000321 1756391172338326 32.269807 321	329728 322 272	1024 1 1	1.434 0.044 0.168
000322 1756391172438485 32.369966 322	330752 323 273	1024 1 1	1.395 -0.039 0.160
000323 1756391172539062 32.470543 323	331776 324 274	1024 1 1	1.577 0.182 0.161
000324 1756391172639506 32.570987 324	332800 325 275	1024 1 1	1.572 -0.005 0.151
000325 1756391172739890 32.671371 325	333824 326 276	1024 1 1	1.554 -0.018 0.143
000326 1756391172840431 32.771912 326	334848 327 277	1024 1 1	1.456 -0.098 0.140
000327 1756391172940684 32.872165 327	335872 328 278	1024 1 1	1.338 -0.118 0.139
000328 1756391173041657 32.973138 328	336896 329 279	1024 1 1	1.666 0.328 0.151
000329 1756391173142535 33.074016 329	337920 330 280	1024 1 1	1.256 -0.410 0.167
000330 1756391173244994 33.176475 330	338944 331 281	1024 1 1	3.065 1.809 0.269
000331 1756391173344522 33.276003 331	339968 332 282	1024 1 1	1.431 -1.634 0.355
000332 1756391173445309 33.376790 332	340992 333 283	1024 1 1	1.633 0.202 0.345
000333 1756391173546051 33.477532 333	342016 334 284	1024 1 1	1.678 0.045 0.326
000334 1756391173646505 33.577986 334	343040 335 285	1024 1 1	1.528 -0.150 0.315
000335 1756391173746899 33.678380 335	344064 336 286	1024 1 1	1.596 0.068 0.300
000336 1756391173847337 33.778818 336	345088 337 287	1024 1 1	1.405 -0.191 0.293
000337 1756391173948204 33.879685 337	346112 338 288	1024 1 1	1.316 -0.089 0.280
000338 1756391174049498 33.980979 338	347136 339 289	1024 1 1	1.693 0.377 0.286
000339 1756391174149967 34.081448 339	348160 340 290	1024 1 1	1.579 -0.114 0.276
000340 1756391174250035 34.181516 340	349184 341 291	1024 1 1	1.186 -0.393 0.283
000341 1756391174350598 34.282079 341	350208 342 292	1024 1 1	1.346 0.160 0.275
000342 1756391174452192 34.383673 342	351232 343 293	1024 1 1	1.403 0.057 0.262
000343 1756391174553443 34.484924 343	352256 344 294	1024 1 1	1.487 0.084 0.251
000344 1756391174654355 34.585836 344	353280 345 295	1024 1 1	1.482 -0.005 0.235
000345 1756391174754862 34.686343 345	354304 346 296	1024 1 1	1.464 -0.018 0.222
000346 1756391174855600 34.787081 346	355328 347 297	1024 1 1	1.468 0.004 0.208
000347 1756391174956163 34.887644 347	356352 348 298	1024 1 1	1.400 -0.068 0.199
000348 1756391175057728 34.989209 348	357376 349 299	1024 1 1	2.023 0.623 0.226
000349 1756391175157524 35.089005 349	358400 350 300	1024 1 1	1.368 -0.655 0.253
000350 1756391175257631 35.189112 350	359424 351 301	1024 1 1	1.082 -0.286 0.255
000351 1756391175359127 35.290608 351	360448 352 302	1024 1 1	1.289 0.207 0.252
000352 1756391175459849 35.391330 352	361472 353 303	1024 1 1	1.441 0.152 0.245
000353 1756391175560370 35.491851 353	362496 354 304	1024 1 1	1.109 -0.332 0.251
000354 1756391175660777 35.592258 354	363520 355 305	1024 1 1	1.048 -0.061 0.239
000355 1756391175761840 35.693321 355	364544 356 306	1024 1 1	1.060 0.012 0.225
000356 1756391175862396 35.793877 356	365568 357 307	1024 1 1	1.021 -0.039 0.213
000357 1756391175963086 35.894567 357	366592 358 308	1024 1 1	0.877 -0.144 0.209
000358 1756391176063842 35.995323 358	367616 359 309	1024 1 1	1.093 0.216 0.209
000359 1756391176164582 36.096063 359	368640 360 310	1024 1 1	1.113 0.020 0.197
000360 1756391176264988 36.196469 360	369664 361 311	1024 1 1	1.341 0.228 0.199
000361 1756391176365666 36.297147 361	370688 362 312	1024 1 1	1.245 -0.096 0.193
000362 1756391176466282 36.397763 362	371712 363 313	1024 1 1	1.226 -0.019 0.182
000363 1756391176567858 36.499339 363	372736 364 314	1024 1 1	1.310 0.084 0.176
000364 1756391176667932 36.599413 364	373760 365 315	1024 1 1	1.164 -0.146 0.174
000365 1756391176768596 36.700077 365	374784 366 316	1024 1 1	1.310 0.146 0.172
000366 1756391176869409 36.800890 366	375808 367 317	1024 1 1	1.384 0.074 0.166
000367 1756391176970560 36.902041 367	376832 368 318	1024 1 1	1.305 -0.079 0.161
000368 1756391177071096 37.002577 368	377856 369 319	1024 1 1	1.460 0.155 0.160
000369 1756391177171219 37.102700 369	378880 370 320	1024 1 1	1.307 -0.153 0.160
000370 1756391177272176 37.203657 370	379904 371 321	1024 1 1	1.525 0.218 0.164
000371 1756391177372883 37.304364 371	380928 372 322	1024 1 1	1.663 0.138 0.162
000372 1756391177473642 37.405123 372	381952 373 323	1024 1 1	1.304 -0.359 0.174
000373 1756391177574166 37.505647 373	382976 374 324	1024 1 1	1.549 0.245 0.179
000374 1756391177674348 37.605829 374	384000 375 325	1024 1 1	1.248 -0.301 0.186
000375 1756391177775631 37.707112 375	385024 376 326	1024 1 1	1.480 0.232 0.189
000376 1756391177875897 37.807378 376	386048 377 327	1024 1 1	1.434 -0.046 0.180
000377 1756391177976329 37.907810 377	387072 378 328	1024 1 1	1.239 -0.195 0.181
000378 1756391178077227 38.008708 378	388096 379 329	1024 1 1	1.492 0.253 0.186
000379 1756391178177876 38.109357 379	389120 380 330	1024 1 1	1.633 0.141 0.183
000380 1756391178279086 38.210567 380	390144 381 331	1024 1 1	1.864 0.231 0.186
000381 1756391178379292 38.310773 381	391168 382 332	1024 1 1	1.447 -0.417 0.200
000382 1756391178481340 38.412821 382	392192 383 333	1024 1 1	1.629 0.182 0.199
000383 1756391178581747 38.513228 383	393216 384 334	1024 1 1	1.399 -0.230 0.201
000384 1756391178682301 38.613782 384	394240 385 335	1024 1 1	1.320 -0.079 0.193
000385 1756391178783244 38.714725 385	395264 386 336	1024 1 1	1.213 -0.107 0.188
000386 1756391178884052 38.815533 386	396288 387 337	1024 1 1	1.339 0.126 0.184
000387 1756391178984567 38.916048 387	397312 388 338	1024 1 1	1.244 -0.095 0.179
000388 1756391179085086 39.016567 388	398336 389 339	1024 1 1	1.249 0.005 0.168
000389 1756391179185344 39.116825 389	399360 390 340	1024 1 1	1.180 -0.069 0.162
000390 1756391179285902 39.217383 390	400384 391 341	1024 1 1	1.277 0.097 0.158
000391 1756391179387172 39.318653 391	401408 392 342	1024 1 1	1.317 0.040 0.150
000392 1756391179488374 39.419855 392	402432 393 343	1024 1 1	1.306 -0.011 0.141
000393 1756391179589035 39.520516 393	403456 394 344	1024 1 1	1.198 -0.108 0.139
000394 1756391179689830 39.621311 394	404480 395 345	1024 1 1	1.487 0.289 0.149
000395 1756391179791247 39.722728 395	405504 396 346	1024 1 1	1.412 -0.075 0.144
000396 1756391179891542 39.823023 396	406528 397 347	1024 1 1	1.285 -0.127 0.143
000397 1756391179991821 39.923302 397	407552 398 348	1024 1 1	1.327 0.042 0.137
000398 1756391180092186 40.023667 398	408576 399 349	1024 1 1	1.414 0.087 0.134
000399 1756391180193350 40.124831 399	409600 400 350	1024 1 1	1.392 -0.022 0.127
000400 1756391180294310 40.225791 400	410624 401 351	1024 1 1	1.616 0.224 0.133
000401 1756391180395293 40.326774 401	411648 402 352	1024 1 1	1.260 -0.356 0.147
000402 1756391180495904 40.427385 402	412672 403 353	1024 1 1	1.284 0.024 0.139
000403 1756391180598112 40.529593 403	413696 404 354	1024 1 1	1.657 0.373 0.154
000404 1756391180698514 40.629995 404	414720 405 355	1024 1 1	1.398 -0.259 0.160
000405 1756391180799446 40.730927 405	415744 406 356	1024 1 1	1.126 -0.272 0.167
000406 1756391180900304 40.831785 406	416768 407 357	1024 1 1	1.613 0.487 0.187
000407 1756391181001238 40.932719 407	417792 408 358	1024 1 1	1.372 -0.241 0.191
000408 1756391181101471 41.032952 408	418816 409 359	1024 1 1	1.150 -0.222 0.193
000409 1756391181201875 41.133356 409	419840 410 360	1024 1 1	1.329 0.179 0.192
000410 1756391181302130 41.233611 410	420864 411 361	1024 1 1	1.274 -0.055 0.183
000411 1756391181402763 41.334244 411	421888 412 362	1024 1 1	1.408 0.134 0.180
000412 1756391181503332 41.434813 412	422912 413 363	1024 1 1	1.712 0.304 0.188
000413 1756391181603242 41.534723 413	423936 414 364	1024 1 1	1.369 -0.343 0.198
000414 1756391181703901 41.635382 414	424960 415 365	1024 1 1	1.795 0.426 0.212
000415 1756391181803790 41.735271 415	425984 416 366	1024 1 1	1.394 -0.401 0.224
000416 1756391181904604 41.836085 416	427008 417 367	1024 1 1	1.624 0.230 0.224
000417 1756391182005864 41.937345 417	428032 418 368	1024 1 1	1.813 0.189 0.222
000418 1756391182105980 42.037461 418	429056 419 369	1024 1 1	1.654 -0.159 0.218
000419 1756391182206889 42.138370 419	430080 420 370	1024 1 1	1.879 0.225 0.218
000420 1756391182307075 42.238556 420	431104 421 371	1024 1 1	1.687 -0.192 0.217
000421 1756391182408104 42.339585 421	432128 422 372	1024 1 1	1.631 -0.056 0.207
000422 1756391182510522 42.442003 422	433152 423 373	1024 1 1	1.504 -0.127 0.202
000423 1756391182611397 42.542878 423	434176 424 374	1024 1 1	1.613 0.109 0.196
000424 1756391182711324 42.642805 424	435200 425 375	1024 1 1	1.126 -0.487 0.214
000425 1756391182813247 42.744728 425	436224 426 376	1024 1 1	1.902 0.776 0.249
000426 1756391182914510 42.845991 426	437248 427 377	1024 1 1	1.592 -0.310 0.253
000427 1756391183015267 42.946748 427	438272 428 378	1024 1 1	1.769 0.177 0.248
000428 1756391183116077 43.047558 428	439296 429 379	1024 1 1	1.659 -0.110 0.240
000429 1756391183217332 43.148813 429	440320 430 380	1024 1 1	1.818 0.159 0.235
000430 1756391183318246 43.249727 430	441344 431 381	1024 1 1	1.935 0.117 0.227
000431 1756391183418525 43.350006 431	442368 432 382	1024 1 1	1.388 -0.547 0.247
000432 1756391183519427 43.450908 432	443392 433 383	1024 1 1	1.558 0.170 0.242
000433 1756391183619558 43.551039 433	444416 434 384	1024 1 1	1.384 -0.174 0.238
000434 1756391183720216 43.651697 434	445440 435 385	1024 1 1	1.219 -0.165 0.234
000435 1756391183820600 43.752081 435	446464 436 386	1024 1 1	1.318 0.099 0.225
000436 1756391183921318 43.852799 436	447488 437 387	1024 1 1	1.685 0.367 0.234
000437 1756391184021850 43.953331 437	448512 438 388	1024 1 1	1.422 -0.263 0.236
000438 1756391184122204 44.053685 438	449536 439 389	1024 1 1	1.296 -0.126 0.229
000439 1756391184222809 44.154290 439	450560 440 390	1024 1 1	1.327 0.031 0.217
000440 1756391184323131 44.254612 440	451584 441 391	1024 1 1	1.273 -0.054 0.206
000441 1756391184424005 44.355486 441	452608 442 392	1024 1 1	1.461 0.188 0.205
000442 1756391184524833 44.456314 442	453632 443 393	1024 1 1	1.420 -0.041 0.195
000443 1756391184625409 44.556890 443	454656 444 394	1024 1 1	1.700 0.280 0.200
000444 1756391184725850 44.657331 444	455680 445 395	1024 1 1	1.311 -0.389 0.212
000445 1756391184826983 44.758464 445	456704 446 396	1024 1 1	1.737 0.426 0.225
000446 1756391184927921 44.859402 446	457728 447 397	1024 1 1	1.856 0.119 0.219
000447 1756391185028290 44.959771 447	458752 448 398	1024 1 1	1.852 -0.004 0.205
000448 1756391185128499 45.059980 448	459776 449 399	1024 1 1	1.374 -0.478 0.222
000449 1756391185228990 45.160471 449	460800 450 400	1024 1 1	1.543 0.169 0.219
000450 1756391185329869 45.261350 450	461824 451 401	1024 1 1	1.507 -0.036 0.208
000451 1756391185432181 45.363662 451	462848 452 402	1024 1 1	2.844 1.337 0.278
000452 1756391185532319 45.463800 452	463872 453 403	1024 1 1	1.692 -1.152 0.333
000453 1756391185634009 45.565490 453	464896 454 404	1024 1 1	1.976 0.284 0.330
000454 1756391185733685 45.665166 454	465920 455 405	1024 1 1	1.281 -0.695 0.353
000455 1756391185834554 45.766035 455	466944 456 406	1024 1 1	1.818 0.537 0.364
000456 1756391185936845 45.868326 456	467968 457 407	1024 1 1	2.854 1.036 0.406
000457 1756391186036887 45.968368 457	468992 458 408	1024 1 1	1.573 -1.281 0.461
000458 1756391186138360 46.069841 458	470016 459 409	1024 1 1	1.867 0.294 0.450
000459 1756391186238288 46.169769 459	471040 460 410	1024 1 1	1.386 -0.481 0.452
000460 1756391186338948 46.270429 460	472064 461 411	1024 1 1	1.629 0.243 0.439
000461 1756391186440952 46.372433 461	473088 462 412	1024 1 1	1.823 0.194 0.424
000462 1756391186541311 46.472792 462	474112 463 413	1024 1 1	1.345 -0.478 0.427
000463 1756391186643546 46.575027 463	475136 464 414	1024 1 1	1.809 0.464 0.430
000464 1756391186743480 46.674961 464	476160 465 415	1024 1 1	1.240 -0.569 0.438
000465 1756391186844142 46.775623 465	477184 466 416	1024 1 1	1.323 0.083 0.416
000466 1756391186944555 46.876036 466	478208 467 417	1024 1 1	1.326 0.003 0.390
000467 1756391187045616 46.977097 467	479232 468 418	1024 1 1	1.271 -0.055 0.369
000468 1756391187147050 47.078531 468	480256 469 419	1024 1 1	2.258 0.987 0.408
000469 1756391187247280 47.178761 469	481280 470 420	1024 1 1	1.771 -0.487 0.413
000470 1756391187347287 47.278768 470	482304 471 421	1024 1 1	1.338 -0.433 0.414
000471 1756391187449044 47.380525 471	483328 472 422	1024 1 1	2.620 1.282 0.468
000472 1756391187548351 47.479832 472	484352 473 423	1024 1 1	1.390 -1.230 0.516
000473 1756391187649144 47.580625 473	485376 474 424	1024 1 1	1.593 0.203 0.496
000474 1756391187750232 47.681713 474	486400 475 425	1024 1 1	1.719 0.126 0.473
000475 1756391187851067 47.782548 475	487424 476 426	1024 1 1	1.543 -0.176 0.455
000476 1756391187952270 47.883751 476	488448 477 427	1024 1 1	1.188 -0.355 0.448
000477 1756391188052656 47.984137 477	489472 478 428	1024 1 1	1.136 -0.052 0.424
000478 1756391188153244 48.084725 478	490496 479 429	1024 1 1	1.240 0.104 0.404
000479 1756391188253970 48.185451 479	491520 480 430	1024 1 1	1.209 -0.031 0.380
000480 1756391188354215 48.285696 480	492544 481 431	1024 1 1	1.009 -0.200 0.369
000481 1756391188454489 48.385970 481	493568 482 432	1024 1 1	1.031 0.022 0.347
000482 1756391188555182 48.486663 482	494592 483 433	1024 1 1	1.179 0.148 0.335
000483 1756391188656420 48.587901 483	495616 484 434	1024 1 1	1.935 0.756 0.361
000484 1756391188756521 48.688002 484	496640 485 435	1024 1 1	1.632 -0.303 0.358
000485 1756391188857038 48.788519 485	497664 486 436	1024 1 1	1.018 -0.614 0.374
000486 1756391188957682 48.889163 486	498688 487 437	1024 1 1	1.111 0.093 0.356
000487 1756391189058191 48.989672 487	499712 488 438	1024 1 1	1.357 0.246 0.349
000488 1756391189158501 49.089982 488	500736 489 439	1024 1 1	1.217 -0.140 0.336
000489 1756391189259207 49.190688 489	501760 490 440	1024 1 1	1.588 0.371 0.338
000490 1756391189359191 49.290672 490	502784 491 441	1024 1 1	1.298 -0.290 0.335
000491 1756391189459537 49.391018 491	503808 492 442	1024 1 1	1.133 -0.165 0.325
000492 1756391189559929 49.491410 492	504832 493 443	1024 1 1	1.339 0.206 0.317
000493 1756391189660079 49.591560 493	505856 494 444	1024 1 1	1.175 -0.164 0.308
000494 1756391189762599 49.694080 494	506880 495 445	1024 1 1	1.715 0.540 0.322
000495 1756391189862698 49.794179 495	507904 496 446	1024 1 1	1.356 -0.359 0.324
000496 1756391189963467 49.894948 496	508928 497 447	1024 1 1	1.533 0.177 0.315
000497 1756391190063697 49.995178 497	509952 498 448	1024 1 1	1.392 -0.141 0.304
000498 1756391190163818 50.095299 498	510976 499 449	1024 1 1	1.359 -0.033 0.287
000499 1756391190264355 50.195836 499	512000 500 450	1024 1 1	1.421 0.062 0.273
000500 1756391190365525 50.297006 500	513024 501 451	1024 1 1	1.462 0.041 0.259
000501 1756391190465839 50.397320 501	514048 502 452	1024 1 1	1.373 -0.089 0.248
000502 1756391190566260 50.497741 502	515072 503 453	1024 1 1	1.381 0.008 0.233
000503 1756391190666467 50.597948 503	516096 504 454	1024 1 1	1.208 -0.173 0.229
000504 1756391190767564 50.699045 504	517120 505 455	1024 1 1	1.295 0.087 0.221
000505 1756391190868294 50.799775 505	518144 506 456	1024 1 1	1.608 0.313 0.226
000506 1756391190968911 50.900392 506	519168 507 457	1024 1 1	1.365 -0.243 0.227
000507 1756391191069159 51.000640 507	520192 508 458	1024 1 1	1.252 -0.113 0.220
000508 1756391191169561 51.101042 508	521216 509 459	1024 1 1	1.051 -0.201 0.219
000509 1756391191270170 51.201651 509	522240 510 460	1024 1 1	1.314 0.263 0.222
000510 1756391191370259 51.301740 510	523264 511 461	1024 1 1	1.174 -0.140 0.217
000511 1756391191470649 51.402130 511	524288 512 462	1024 1 1	1.220 0.046 0.206
000512 1756391191571190 51.502671 512	525312 513 463	1024 1 1	1.411 0.191 0.205
000513 1756391191671123 51.602604 513	526336 514 464	1024 1 1	1.067 -0.344 0.214
000514 1756391191771301 51.702782 514	527360 515 465	1024 1 1	1.032 -0.035 0.203
000515 1756391191871711 51.803192 515	528384 516 466	1024 1 1	1.155 0.123 0.198
000516 1756391191972414 51.903895 516	529408 517 467	1024 1 1	1.055 -0.100 0.191
000517 1756391192073224 52.004705 517	530432 518 468	1024 1 1	1.576 0.521 0.212
000518 1756391192173934 52.105415 518	531456 519 469	1024 1 1	1.081 -0.495 0.230
000519 1756391192275116 52.206597 519	532480 520 470	1024 1 1	1.353 0.272 0.232
000520 1756391192376388 52.307869 520	533504 521 471	1024 1 1	1.231 -0.122 0.226
000521 1756391192477503 52.408984 521	534528 522 472	1024 1 1	1.166 -0.065 0.215
000522 1756391192578165 52.509646 522	535552 523 473	1024 1 1	1.276 0.110 0.209
000523 1756391192678531 52.610012 523	536576 524 474	1024 1 1	1.133 -0.143 0.205
000524 1756391192779157 52.710638 524	537600 525 475	1024 1 1	1.221 0.088 0.197
000525 1756391192879606 52.811087 525	538624 526 476	1024 1 1	1.189 -0.032 0.187
000526 1756391192980736 52.912217 526	539648 527 477	1024 1 1	1.412 0.223 0.189
000527 1756391193081954 53.013435 527	540672 528 478	1024 1 1	1.412 0.000 0.178
000528 1756391193182104 53.113585 528	541696 529 479	1024 1 1	1.145 -0.267 0.183
000529 1756391193282708 53.214189 529	542720 530 480	1024 1 1	1.392 0.247 0.187
000530 1756391193383644 53.315125 530	543744 531 481	1024 1 1	1.363 -0.029 0.177
000531 1756391193485504 53.416985 531	544768 532 482	1024 1 1	1.477 0.114 0.173
000532 1756391193587340 53.518821 532	545792 533 483	1024 1 1	1.238 -0.239 0.177
000533 1756391193687771 53.619252 533	546816 534 484	1024 1 1	1.164 -0.074 0.171
000534 1756391193788322 53.719803 534	547840 535 485	1024 1 1	1.402 0.238 0.175
000535 1756391193888948 53.820429 535	548864 536 486	1024 1 1	1.286 -0.116 0.171
000536 1756391193989688 53.921169 536	549888 537 487	1024 1 1	1.238 -0.048 0.164
000537 1756391194090287 54.021768 537	550912 538 488	1024 1 1	1.414 0.176 0.164
000538 1756391194190936 54.122417 538	551936 539 489	1024 1 1	1.392 -0.022 0.156
000539 1756391194291597 54.223078 539	552960 540 490	1024 1 1	1.325 -0.067 0.150
000540 1756391194392695 54.324176 540	553984 541 491	1024 1 1	1.277 -0.048 0.144
000541 1756391194493748 54.425229 541	555008 542 492	1024 1 1	1.323 0.046 0.138
000542 1756391194594342 54.525823 542	556032 543 493	1024 1 1	1.384 0.061 0.133
000543 1756391194694609 54.626090 543	557056 544 494	1024 1 1	1.341 -0.043 0.127
000544 1756391194795687 54.727168 544	558080 545 495	1024 1 1	1.723 0.382 0.143
000545 1756391194896188 54.827669 545	559104 546 496	1024 1 1	1.421 -0.302 0.153
000546 1756391194996588 54.928069 546	560128 547 497	1024 1 1	1.446 0.025 0.145
000547 1756391195098156 55.029637 547	561152 548 498	1024 1 1	1.303 -0.143 0.145
000548 1756391195199602 55.131083 548	562176 549 499	1024 1 1	1.414 0.111 0.143
000549 1756391195300417 55.231898 549	563200 550 500	1024 1 1	1.397 -0.017 0.135
000550 1756391195401720 55.333201 550	564224 551 501	1024 1 1	1.386 -0.011 0.127
000551 1756391195502481 55.433962 551	565248 552 502	1024 1 1	1.312 -0.074 0.124
000552 1756391195603237 55.534718 552	566272 553 503	1024 1 1	1.375 0.063 0.120
000553 1756391195704040 55.635521 553	567296 554 504	1024 1 1	1.592 0.217 0.126
000554 1756391195805287 55.736768 554	568320 555 505	1024 1 1	1.692 0.100 0.124
000555 1756391195906271 55.837752 555	569344 556 506	1024 1 1	1.650 -0.042 0.119
000556 1756391196006652 55.938133 556	570368 557 507	1024 1 1	1.477 -0.173 0.123
000557 1756391196107959 56.039440 557	571392 558 508	1024 1 1	1.700 0.223 0.129
000558 1756391196208840 56.140321 558	572416 559 509	1024 1 1	1.601 -0.099 0.127
000559 1756391196310392 56.241873 559	573440 560 510	1024 1 1	1.424 -0.177 0.130
000560 1756391196411053 56.342534 560	574464 561 511	1024 1 1	1.660 0.236 0.137
000561 1756391196511531 56.443012 561	575488 562 512	1024 1 1	1.360 -0.300 0.147
000562 1756391196611782 56.543263 562	576512 563 513	1024 1 1	1.242 -0.118 0.145
000563 1756391196713045 56.644526 563	577536 564 514	1024 1 1	1.373 0.131 0.144
000564 1756391196814047 56.745528 564	578560 565 515	1024 1 1	1.117 -0.256 0.151
000565 1756391196915811 56.847292 565	579584 566 516	1024 1 1	1.553 0.436 0.169
000566 1756391197016265 56.947746 566	580608 567 517	1024 1 1	1.266 -0.287 0.176
000567 1756391197117443 57.048924 567	581632 568 518	1024 1 1	1.581 0.315 0.185
000568 1756391197218064 57.149545 568	582656 569 519	1024 1 1	1.477 -0.104 0.180
000569 1756391197319321 57.250802 569	583680 570 520	1024 1 1	1.287 -0.190 0.181
000570 1756391197419899 57.351380 570	584704 571 521	1024 1 1	1.507 0.220 0.183
000571 1756391197521461 57.452942 571	585728 572 522	1024 1 1	1.749 0.242 0.187
000572 1756391197622362 57.553843 572	586752 573 523	1024 1 1	1.363 -0.386 0.199
000573 1756391197724231 57.655712 573	587776 574 524	1024 1 1	1.481 0.118 0.194
000574 1756391197825528 57.757009 574	588800 575 525	1024 1 1	1.257 -0.224 0.196
000575 1756391197927278 57.858759 575	589824 576 526	1024 1 1	1.576 0.319 0.204
000576 1756391198028334 57.959815 576	590848 577 527	1024 1 1	1.280 -0.296 0.209
000577 1756391198128985 58.060466 577	591872 578 528	1024 1 1	1.438 0.158 0.206
000578 1756391198229139 58.160620 578	592896 579 529	1024 1 1	1.158 -0.280 0.211
000579 1756391198330460 58.261941 579	593920 580 530	1024 1 1	1.422 0.264 0.214
000580 1756391198431273 58.362754 580	594944 581 531	1024 1 1	1.373 -0.049 0.204
000581 1756391198532135 58.463616 581	595968 582 532	1024 1 1	1.244 -0.129 0.199
000582 1756391198633074 58.564555 582	596992 583 533	1024 1 1	1.444 0.200 0.199
000583 1756391198733161 58.664642 583	598016 584 534	1024 1 1	1.099 -0.345 0.208
000584 1756391198834237 58.765718 584	599040 585 535	1024 1 1	1.543 0.444 0.223
000585 1756391198934940 58.866421 585	600064 586 536	1024 1 1	1.303 -0.240 0.224
000586 1756391199035844 58.967325 586	601088 587 537	1024 1 1	1.505 0.202 0.223
000587 1756391199137212 59.068693 587	602112 588 538	1024 1 1	1.339 -0.166 0.219
000588 1756391199238337 59.169818 588	603136 589 539	1024 1 1	1.450 0.111 0.212
000589 1756391199338682 59.270163 589	604160 590 540	1024 1 1	1.338 -0.112 0.206
000590 1756391199439756 59.371237 590	605184 591 541	1024 1 1	1.422 0.084 0.199
000591 1756391199540105 59.471586 591	606208 592 542	1024 1 1	1.295 -0.127 0.194
000592 1756391199641310 59.572791 592	607232 593 543	1024 1 1	1.412 0.117 0.189
000593 1756391199741635 59.673116 593	608256 594 544	1024 1 1	1.292 -0.120 0.185
000594 1756391199843034 59.774515 594	609280 595 545	1024 1 1	1.398 0.106 0.180
000595 1756391199943686 59.875167 595	610304 596 546	1024 1 1	1.110 -0.288 0.187
000596 1756391200045113 59.976594 596	611328 597 547	1024 1 1	1.598 0.488 0.206
