AbsTime RelTime SeqNumber	AbsBytes AbsPackets AbsFrames	RelBytes RelPackets RelFrames	Delay PrevPacketDelayDiff Jitter
000001 1756390114069864 0.001453 0	512 1 0	512 1 0	0.968 0.968 0.060
000002 1756390114271184 0.202773 1	1024 2 0	512 1 0	1.383 0.415 0.083
000003 1756390114471053 0.402642 2	1536 3 0	512 1 0	0.307 -1.076 0.145
000004 1756390114671184 0.602773 3	2048 4 0	512 1 0	0.040 -0.267 0.152
000005 1756390114872243 0.803832 4	2560 5 0	512 1 0	0.190 0.150 0.152
000006 1756390115073133 1.004722 5	3072 6 0	512 1 0	0.723 0.533 0.176
000007 1756390115274295 1.205884 6	3584 7 0	512 1 0	0.903 0.180 0.176
000008 1756390115474237 1.405826 7	4096 8 0	512 1 0	0.167 -0.736 0.211
000009 1756390115674762 1.606351 8	4608 9 0	512 1 0	0.210 0.043 0.201
000010 1756390115875958 1.807547 9	5120 10 0	512 1 0	0.192 -0.018 0.189
000011 1756390116077925 2.009514 10	5632 11 0	512 1 0	1.581 1.389 0.264
000012 1756390116277327 2.208916 11	6144 12 0	512 1 0	0.334 -1.247 0.326
000013 1756390116477696 2.409285 12	6656 13 0	512 1 0	0.241 -0.093 0.311
000014 1756390116678145 2.609734 13	7168 14 0	512 1 0	0.301 0.060 0.295
000015 1756390116878935 2.810524 14	7680 15 0	512 1 0	0.423 0.122 0.285
000016 1756390117081575 3.013164 15	8192 16 0	512 1 0	2.403 1.980 0.391
000017 1756390117280110 3.211699 16	8704 17 0	512 1 0	0.366 -2.037 0.493
000018 1756390117480906 3.412495 17	9216 18 0	512 1 0	0.448 0.082 0.468
000019 1756390117681028 3.612617 18	9728 19 0	512 1 0	0.127 -0.321 0.459
000020 1756390117881584 3.813173 19	10240 20 0	512 1 0	0.353 0.226 0.444
000021 1756390118085170 4.016759 20	10752 21 0	512 1 0	3.167 2.814 0.592
000022 1756390118282656 4.214245 21	11264 22 0	512 1 0	0.221 -2.946 0.739
000023 1756390118483230 4.414819 22	11776 23 0	512 1 0	0.276 0.055 0.697
000024 1756390118683681 4.615270 23	12288 24 0	512 1 0	0.125 -0.151 0.662
000025 1756390118884220 4.815809 24	12800 25 0	512 1 0	0.149 0.024 0.623
000026 1756390119084913 5.016502 25	13312 26 1	512 1 1	0.509 0.360 0.606
000027 1756390119323939 5.255528 26	13824 27 2	512 1 1	39.074 38.565 2.979
000028 1756390119571776 5.503365 27	14336 28 3	512 1 1	86.466 47.392 5.754
000029 1756390119752076 5.683665 28	14848 29 4	512 1 1	66.422 -20.044 6.647
000030 1756390120070036 6.001625 29	15360 30 5	512 1 1	183.873 117.451 13.573
000031 1756390120086774 6.018363 30	15872 31 6	512 1 1	0.215 -183.658 24.203
000032 1756390120326451 6.258040 31	16384 32 7	512 1 1	39.541 39.326 25.148
000033 1756390120574373 6.505962 32	16896 33 8	512 1 1	86.547 47.006 26.514
000034 1756390120756047 6.687636 33	17408 34 9	512 1 1	67.523 -19.024 26.046
000035 1756390121072575 7.004164 34	17920 35 10	512 1 1	183.695 116.172 31.679
000036 1756390121090055 7.021644 35	18432 36 11	512 1 1	0.747 -182.948 41.133
000037 1756390121328368 7.259957 36	18944 37 12	512 1 1	37.959 37.212 40.888
000038 1756390121575436 7.507025 37	19456 38 13	512 1 1	84.850 46.891 41.263
000039 1756390121759477 7.691066 38	19968 39 14	512 1 1	68.621 -16.229 39.699
000040 1756390122072262 8.003851 39	20480 40 15	512 1 1	181.005 112.384 44.242
000041 1756390122093273 8.024862 40	20992 41 16	512 1 1	0.240 -180.765 52.774
000042 1756390122331987 8.263576 41	21504 42 17	512 1 1	38.126 37.886 51.844
000043 1756390122576664 8.508253 42	22016 43 18	512 1 1	82.293 44.167 51.364
000044 1756390122763290 8.694879 43	22528 44 19	512 1 1	67.403 -14.890 49.084
000045 1756390123074464 9.006053 44	23040 45 20	512 1 1	178.305 110.902 52.948
000046 1756390123097449 9.029038 45	23552 46 21	512 1 1	0.282 -178.023 60.765
000047 1756390123335388 9.266977 46	24064 47 22	512 1 1	37.719 37.437 59.307
000048 1756390123578377 9.509966 47	24576 48 23	512 1 1	80.298 42.579 58.262
000049 1756390123768171 9.699760 48	25088 49 24	512 1 1	69.312 -10.986 55.307
