AbsTime RelTime SeqNumber	AbsBytes AbsPackets AbsFrames	RelBytes RelPackets RelFrames	Delay PrevPacketDelayDiff Jitter
000001 1756391140067490 0.000744 0	4906 1 0	4906 1 0	2.623 2.623 0.164
000002 1756391140166097 0.099351 1	9812 2 0	4906 1 0	0.222 -2.401 0.304
000003 1756391140266685 0.199939 2	14718 3 0	4906 1 0	0.305 0.083 0.290
000004 1756391140367465 0.300719 3	19624 4 0	4906 1 0	0.326 0.021 0.273
000005 1756391140468920 0.402174 4	24530 5 0	4906 1 0	0.558 0.232 0.271
000006 1756391140569467 0.502721 5	29436 6 0	4906 1 0	0.559 0.001 0.254
000007 1756391140669400 0.602654 6	34342 7 0	4906 1 0	0.257 -0.302 0.257
000008 1756391140770033 0.703287 7	39248 8 0	4906 1 0	0.533 0.276 0.258
000009 1756391140870459 0.803713 8	44154 9 0	4906 1 0	0.419 -0.114 0.249
000010 1756391140970394 0.903648 9	49060 10 0	4906 1 0	0.012 -0.407 0.259
000011 1756391141071072 1.004326 10	53966 11 0	4906 1 0	0.229 0.217 0.256
000012 1756391141171593 1.104847 11	58872 12 0	4906 1 0	0.161 -0.068 0.244
000013 1756391141272307 1.205561 12	63778 13 0	4906 1 0	0.454 0.293 0.247
000014 1756391141372585 1.305839 13	68684 14 0	4906 1 0	0.050 -0.404 0.257
000015 1756391141473222 1.406476 14	73590 15 0	4906 1 0	0.301 0.251 0.257
000016 1756391141573980 1.507234 15	78496 16 0	4906 1 0	0.660 0.359 0.263
000017 1756391141673954 1.607208 16	83402 17 0	4906 1 0	0.173 -0.487 0.277
000018 1756391141774596 1.707850 17	88308 18 0	4906 1 0	0.399 0.226 0.274
000019 1756391141875189 1.808443 18	93214 19 0	4906 1 0	0.316 -0.083 0.262
000020 1756391141975279 1.908533 19	98120 20 0	4906 1 0	0.089 -0.227 0.260
000021 1756391142075477 2.008731 20	103026 21 0	4906 1 0	0.131 0.042 0.246
000022 1756391142175962 2.109216 21	107932 22 0	4906 1 0	-0.004 -0.135 0.239
000023 1756391142276418 2.209672 22	112838 23 0	4906 1 0	0.245 0.249 0.240
000024 1756391142376946 2.310200 23	117744 24 0	4906 1 0	0.181 -0.064 0.229
000025 1756391142477618 2.410872 24	122650 25 0	4906 1 0	0.183 0.002 0.215
000026 1756391142578210 2.511464 25	127556 26 0	4906 1 0	0.285 0.102 0.208
000027 1756391142678511 2.611765 26	132462 27 0	4906 1 0	0.012 -0.273 0.212
000028 1756391142778747 2.712001 27	137368 28 0	4906 1 0	0.081 0.069 0.203
000029 1756391142879031 2.812285 28	142274 29 0	4906 1 0	0.098 0.017 0.191
000030 1756391142979282 2.912536 29	147180 30 0	4906 1 0	-0.003 -0.101 0.186
000031 1756391143080207 3.013461 30	152086 31 0	4906 1 0	0.479 0.482 0.204
000032 1756391143180283 3.113537 31	156992 32 0	4906 1 0	0.090 -0.389 0.216
000033 1756391143280996 3.214250 32	161898 33 0	4906 1 0	0.418 0.328 0.223
000034 1756391143382003 3.315257 33	166804 34 0	4906 1 0	0.729 0.311 0.228
000035 1756391143482414 3.415668 34	171710 35 0	4906 1 0	0.643 -0.086 0.219
000036 1756391143582489 3.515743 35	176616 36 0	4906 1 0	0.322 -0.321 0.226
000037 1756391143683204 3.616458 36	181522 37 0	4906 1 0	0.457 0.135 0.220
000038 1756391143783470 3.716724 37	186428 38 0	4906 1 0	0.320 -0.137 0.215
000039 1756391143884771 3.818025 38	191334 39 0	4906 1 0	0.764 0.444 0.229
000040 1756391143985229 3.918483 39	196240 40 0	4906 1 0	0.642 -0.122 0.222
000041 1756391144085524 4.018778 40	201146 41 0	4906 1 0	0.175 -0.467 0.238
000042 1756391144186045 4.119299 41	206052 42 0	4906 1 0	0.207 0.032 0.225
000043 1756391144286718 4.219972 42	210958 43 0	4906 1 0	0.505 0.298 0.229
000044 1756391144387224 4.320478 43	215864 44 0	4906 1 0	0.402 -0.103 0.222
000045 1756391144487399 4.420653 44	220770 45 0	4906 1 0	0.221 -0.181 0.219
000046 1756391144588216 4.521470 45	225676 46 0	4906 1 0	0.567 0.346 0.227
000047 1756391144687976 4.621230 46	230582 47 0	4906 1 0	-0.024 -0.591 0.250
000048 1756391144788619 4.721873 47	235488 48 0	4906 1 0	0.173 0.197 0.246
000049 1756391144889313 4.822567 48	240394 49 0	4906 1 0	0.420 0.247 0.246
000050 1756391144990022 4.923276 49	245300 50 0	4906 1 0	0.565 0.145 0.240
000051 1756391145090057 5.023311 50	250206 51 1	4906 1 1	0.357 -0.208 0.238
000052 1756391145190640 5.123894 51	255112 52 2	4906 1 1	0.201 -0.156 0.233
000053 1756391145290757 5.224011 52	260018 53 3	4906 1 1	0.023 -0.178 0.230
000054 1756391145391239 5.324493 53	264924 54 4	4906 1 1	0.267 0.244 0.230
000055 1756391145491442 5.424696 54	269830 55 5	4906 1 1	0.133 -0.134 0.224
000056 1756391145591993 5.525247 55	274736 56 6	4906 1 1	0.506 0.373 0.234
000057 1756391145691747 5.625001 56	279642 57 7	4906 1 1	0.039 -0.467 0.248
000058 1756391145791921 5.725175 57	284548 58 8	4906 1 1	0.018 -0.021 0.234
000059 1756391145892223 5.825477 58	289454 59 9	4906 1 1	0.093 0.075 0.224
000060 1756391145992524 5.925778 59	294360 60 10	4906 1 1	0.267 0.174 0.221
000061 1756391146092684 6.025938 60	299266 61 11	4906 1 1	-0.067 -0.334 0.228
000062 1756391146193121 6.126375 61	304172 62 12	4906 1 1	0.059 0.126 0.222
000063 1756391146294035 6.227289 62	309078 63 13	4906 1 1	0.519 0.460 0.237
000064 1756391146394588 6.327842 63	313984 64 14	4906 1 1	-0.070 -0.589 0.259
000065 1756391146495089 6.428343 64	318890 65 15	4906 1 1	-0.009 0.061 0.246
000066 1756391146595789 6.529043 65	323796 66 16	4906 1 1	0.108 0.117 0.238
000067 1756391146696354 6.629608 66	328702 67 17	4906 1 1	0.291 0.183 0.235
000068 1756391146797036 6.730290 67	333608 68 18	4906 1 1	0.503 0.212 0.233
000069 1756391146897127 6.830381 68	338514 69 19	4906 1 1	0.278 -0.225 0.233
000070 1756391146997759 6.931013 69	343420 70 20	4906 1 1	0.462 0.184 0.230
000071 1756391147097893 7.031147 70	348326 71 21	4906 1 1	0.149 -0.313 0.235
000072 1756391147198458 7.131712 71	353232 72 22	4906 1 1	0.319 0.170 0.231
000073 1756391147299254 7.232508 72	358138 73 23	4906 1 1	0.306 -0.013 0.217
000074 1756391147400364 7.333618 73	363044 74 24	4906 1 1	0.835 0.529 0.237
000075 1756391147500229 7.433483 74	367950 75 25	4906 1 1	0.382 -0.453 0.250
000076 1756391147601071 7.534325 75	372856 76 26	4906 1 1	0.479 0.097 0.241
000077 1756391147701304 7.634558 76	377762 77 27	4906 1 1	0.377 -0.102 0.232
000078 1756391147801452 7.734706 77	382668 78 28	4906 1 1	0.182 -0.195 0.230
000079 1756391147901657 7.834911 78	387574 79 29	4906 1 1	0.065 -0.117 0.223
000080 1756391148002190 7.935444 79	392480 80 30	4906 1 1	0.253 0.188 0.220
000081 1756391148102512 8.035766 80	397386 81 31	4906 1 1	0.181 -0.072 0.211
000082 1756391148203744 8.136998 81	402292 82 32	4906 1 1	0.836 0.655 0.239
000083 1756391148304168 8.237422 82	407198 83 33	4906 1 1	0.258 -0.578 0.260
000084 1756391148404742 8.337996 83	412104 84 34	4906 1 1	0.104 -0.154 0.254
000085 1756391148505243 8.438497 84	417010 85 35	4906 1 1	0.300 0.196 0.250
000086 1756391148605613 8.538867 85	421916 86 36	4906 1 1	0.397 0.097 0.240
000087 1756391148705790 8.639044 86	426822 87 37	4906 1 1	0.129 -0.268 0.242
000088 1756391148806277 8.739531 87	431728 88 38	4906 1 1	0.365 0.236 0.242
000089 1756391148906903 8.840157 88	436634 89 39	4906 1 1	0.416 0.051 0.230
000090 1756391149007654 8.940908 89	441540 90 40	4906 1 1	0.552 0.136 0.224
000091 1756391149107999 9.041253 90	446446 91 41	4906 1 1	0.441 -0.111 0.217
000092 1756391149208624 9.141878 91	451352 92 42	4906 1 1	0.472 0.031 0.205
000093 1756391149309137 9.242391 92	456258 93 43	4906 1 1	0.481 0.009 0.193
000094 1756391149409537 9.342791 93	461164 94 44	4906 1 1	0.549 0.068 0.185
000095 1756391149509596 9.442850 94	466070 95 45	4906 1 1	0.167 -0.382 0.197
000096 1756391149609979 9.543233 95	470976 96 46	4906 1 1	0.219 0.052 0.188
000097 1756391149711125 9.644379 96	475882 97 47	4906 1 1	0.523 0.304 0.196
000098 1756391149811406 9.744660 97	480788 98 48	4906 1 1	0.449 -0.074 0.188
000099 1756391149911761 9.845015 98	485694 99 49	4906 1 1	0.478 0.029 0.178
000100 1756391150012484 9.945738 99	490600 100 50	4906 1 1	0.762 0.284 0.185
000101 1756391150113368 10.046622 100	495506 101 51	4906 1 1	1.191 0.429 0.200
000102 1756391150213906 10.147160 101	500412 102 52	4906 1 1	1.032 -0.159 0.197
000103 1756391150314303 10.247557 102	505318 103 53	4906 1 1	0.254 -0.778 0.234
000104 1756391150414505 10.347759 103	510224 104 54	4906 1 1	0.086 -0.168 0.230
000105 1756391150515088 10.448342 104	515130 105 55	4906 1 1	0.378 0.292 0.233
000106 1756391150615590 10.548844 105	520036 106 56	4906 1 1	0.523 0.145 0.228
000107 1756391150716160 10.649414 106	524942 107 57	4906 1 1	0.666 0.143 0.223
000108 1756391150816446 10.749700 107	529848 108 58	4906 1 1	0.538 -0.128 0.217
000109 1756391150917179 10.850433 108	534754 109 59	4906 1 1	0.843 0.305 0.222
000110 1756391151017633 10.950887 109	539660 110 60	4906 1 1	0.722 -0.121 0.216
000111 1756391151118622 11.051876 110	544566 111 61	4906 1 1	0.766 0.044 0.205
000112 1756391151218792 11.152046 111	549472 112 62	4906 1 1	0.522 -0.244 0.208
000113 1756391151319286 11.252540 112	554378 113 63	4906 1 1	0.368 -0.154 0.204
000114 1756391151419514 11.352768 113	559284 114 64	4906 1 1	0.222 -0.146 0.201
000115 1756391151519978 11.453232 114	564190 115 65	4906 1 1	0.436 0.214 0.201
000116 1756391151620259 11.553513 115	569096 116 66	4906 1 1	0.126 -0.310 0.208
000117 1756391151721039 11.654293 116	574002 117 67	4906 1 1	0.487 0.361 0.218
000118 1756391151821242 11.754496 117	578908 118 68	4906 1 1	0.277 -0.210 0.217
000119 1756391151922278 11.855532 118	583814 119 69	4906 1 1	0.382 0.105 0.210
000120 1756391152022659 11.955913 119	588720 120 70	4906 1 1	0.385 0.003 0.197
000121 1756391152122898 12.056152 120	593626 121 71	4906 1 1	0.226 -0.159 0.195
000122 1756391152223361 12.156615 121	598532 122 72	4906 1 1	0.436 0.210 0.196
000123 1756391152323801 12.257055 122	603438 123 73	4906 1 1	0.440 0.004 0.184
000124 1756391152425563 12.358817 123	608344 124 74	4906 1 1	0.921 0.481 0.202
000125 1756391152526034 12.459288 124	613250 125 75	4906 1 1	0.559 -0.362 0.212
000126 1756391152626576 12.559830 125	618156 126 76	4906 1 1	0.476 -0.083 0.204
000127 1756391152727669 12.660923 126	623062 127 77	4906 1 1	0.461 -0.015 0.192
000128 1756391152828048 12.761302 127	627968 128 78	4906 1 1	0.447 -0.014 0.181
000129 1756391152930316 12.863570 128	632874 129 79	4906 1 1	0.416 -0.031 0.172
000130 1756391153031036 12.964290 129	637780 130 80	4906 1 1	0.497 0.081 0.166
000131 1756391153131161 13.064415 130	642686 131 81	4906 1 1	0.371 -0.126 0.164
000132 1756391153231430 13.164684 131	647592 132 82	4906 1 1	0.142 -0.229 0.168
000133 1756391153332024 13.265278 132	652498 133 83	4906 1 1	0.317 0.175 0.168
000134 1756391153432965 13.366219 133	657404 134 84	4906 1 1	0.414 0.097 0.164
000135 1756391153533522 13.466776 134	662310 135 85	4906 1 1	0.580 0.166 0.164
000136 1756391153633928 13.567182 135	667216 136 86	4906 1 1	0.692 0.112 0.161
000137 1756391153734354 13.667608 136	672122 137 87	4906 1 1	0.476 -0.216 0.164
000138 1756391153835052 13.768306 137	677028 138 88	4906 1 1	0.552 0.076 0.159
000139 1756391153935519 13.868773 138	681934 139 89	4906 1 1	0.620 0.068 0.153
000140 1756391154035167 13.968421 139	686840 140 90	4906 1 1	0.002 -0.618 0.182
000141 1756391154135868 14.069122 140	691746 141 91	4906 1 1	0.342 0.340 0.192
000142 1756391154236488 14.169742 141	696652 142 92	4906 1 1	0.505 0.163 0.190
000143 1756391154336772 14.270026 142	701558 143 93	4906 1 1	0.355 -0.150 0.188
000144 1756391154438600 14.371854 143	706464 144 94	4906 1 1	1.588 1.233 0.253
000145 1756391154537535 14.470789 144	711370 145 95	4906 1 1	0.213 -1.375 0.323
000146 1756391154637934 14.571188 145	716276 146 96	4906 1 1	0.371 0.158 0.313
000147 1756391154738565 14.671819 146	721182 147 97	4906 1 1	0.289 -0.082 0.298
000148 1756391154838864 14.772118 147	726088 148 98	4906 1 1	0.333 0.044 0.282
000149 1756391154939242 14.872496 148	730994 149 99	4906 1 1	0.387 0.054 0.268
000150 1756391155039277 14.972531 149	735900 150 100	4906 1 1	0.162 -0.225 0.265
000151 1756391155140331 15.073585 150	740806 151 101	4906 1 1	0.494 0.332 0.270
000152 1756391155240868 15.174122 151	745712 152 102	4906 1 1	0.651 0.157 0.263
000153 1756391155341347 15.274601 152	750618 153 103	4906 1 1	0.353 -0.298 0.265
000154 1756391155441716 15.374970 153	755524 154 104	4906 1 1	0.267 -0.086 0.254
000155 1756391155543442 15.476696 154	760430 155 105	4906 1 1	0.898 0.631 0.277
000156 1756391155643788 15.577042 155	765336 156 106	4906 1 1	0.789 -0.109 0.267
000157 1756391155744634 15.677888 156	770242 157 107	4906 1 1	1.269 0.480 0.280
000158 1756391155844429 15.777683 157	775148 158 108	4906 1 1	0.651 -0.618 0.301
000159 1756391155946148 15.879402 158	780054 159 109	4906 1 1	2.038 1.387 0.369
000160 1756391156045329 15.978583 159	784960 160 110	4906 1 1	0.714 -1.324 0.429
000161 1756391156146061 16.079315 160	789866 161 111	4906 1 1	0.798 0.084 0.407
000162 1756391156247007 16.180261 161	794772 162 112	4906 1 1	0.640 -0.158 0.392
000163 1756391156347608 16.280862 162	799678 163 113	4906 1 1	1.006 0.366 0.390
000164 1756391156447685 16.380939 163	804584 164 114	4906 1 1	0.222 -0.784 0.415
000165 1756391156548508 16.481762 164	809490 165 115	4906 1 1	0.690 0.468 0.418
000166 1756391156649501 16.582755 165	814396 166 116	4906 1 1	0.946 0.256 0.408
000167 1756391156749632 16.682886 166	819302 167 117	4906 1 1	0.807 -0.139 0.391
000168 1756391156850121 16.783375 167	824208 168 118	4906 1 1	0.681 -0.126 0.374
000169 1756391156950371 16.883625 168	829114 169 119	4906 1 1	0.377 -0.304 0.370
000170 1756391157051726 16.984980 169	834020 170 120	4906 1 1	0.804 0.427 0.374
000171 1756391157153405 17.086659 170	838926 171 121	4906 1 1	2.116 1.312 0.432
000172 1756391157253506 17.186760 171	843832 172 122	4906 1 1	1.208 -0.908 0.462
000173 1756391157353817 17.287071 172	848738 173 123	4906 1 1	1.128 -0.080 0.438
000174 1756391157454335 17.387589 173	853644 174 124	4906 1 1	1.062 -0.066 0.415
000175 1756391157555470 17.488724 174	858550 175 125	4906 1 1	0.630 -0.432 0.416
000176 1756391157656521 17.589775 175	863456 176 126	4906 1 1	0.700 0.070 0.394
000177 1756391157757593 17.690847 176	868362 177 127	4906 1 1	0.663 -0.037 0.372
000178 1756391157858268 17.791522 177	873268 178 128	4906 1 1	1.066 0.403 0.374
000179 1756391157958076 17.891330 178	878174 179 129	4906 1 1	0.323 -0.743 0.397
000180 1756391158058989 17.992243 179	883080 180 130	4906 1 1	0.475 0.152 0.382
000181 1756391158159244 18.092498 180	887986 181 131	4906 1 1	0.383 -0.092 0.364
000182 1756391158261070 18.194324 181	892892 182 132	4906 1 1	1.480 1.097 0.409
000183 1756391158360714 18.293968 182	897798 183 133	4906 1 1	0.457 -1.023 0.448
000184 1756391158460867 18.394121 183	902704 184 134	4906 1 1	0.341 -0.116 0.427
000185 1756391158562180 18.495434 184	907610 185 135	4906 1 1	0.724 0.383 0.424
000186 1756391158662324 18.595578 185	912516 186 136	4906 1 1	0.377 -0.347 0.419
000187 1756391158763124 18.696378 186	917422 187 137	4906 1 1	0.860 0.483 0.423
000188 1756391158863297 18.796551 187	922328 188 138	4906 1 1	0.306 -0.554 0.432
000189 1756391158964359 18.897613 188	927234 189 139	4906 1 1	0.456 0.150 0.414
000190 1756391159065176 18.998430 189	932140 190 140	4906 1 1	0.231 -0.225 0.402
000191 1756391159165401 19.098655 190	937046 191 141	4906 1 1	0.089 -0.142 0.386
000192 1756391159266447 19.199701 191	941952 192 142	4906 1 1	0.227 0.138 0.370
000193 1756391159367407 19.300661 192	946858 193 143	4906 1 1	0.518 0.291 0.365
000194 1756391159467656 19.400910 193	951764 194 144	4906 1 1	0.382 -0.136 0.351
000195 1756391159568673 19.501927 194	956670 195 145	4906 1 1	0.671 0.289 0.347
000196 1756391159669395 19.602649 195	961576 196 146	4906 1 1	1.131 0.460 0.354
000197 1756391159770132 19.703386 196	966482 197 147	4906 1 1	1.011 -0.120 0.340
000198 1756391159870389 19.803643 197	971388 198 148	4906 1 1	0.713 -0.298 0.337
000199 1756391159971784 19.905038 198	976294 199 149	4906 1 1	1.235 0.522 0.349
000200 1756391160071475 20.004729 199	981200 200 150	4906 1 1	0.399 -0.836 0.379
000201 1756391160172409 20.105663 200	986106 201 151	4906 1 1	0.447 0.048 0.358
000202 1756391160273303 20.206557 201	991012 202 152	4906 1 1	0.839 0.392 0.360
000203 1756391160373719 20.306973 202	995918 203 153	4906 1 1	0.859 0.020 0.339
000204 1756391160473256 20.406510 203	1000824 204 154	4906 1 1	0.166 -0.693 0.361
000205 1756391160574217 20.507471 204	1005730 205 155	4906 1 1	0.837 0.671 0.381
000206 1756391160674126 20.607380 205	1010636 206 156	4906 1 1	0.481 -0.356 0.379
000207 1756391160774931 20.708185 206	1015542 207 157	4906 1 1	0.765 0.284 0.373
000208 1756391160875883 20.809137 207	1020448 208 158	4906 1 1	0.304 -0.461 0.379
000209 1756391160976672 20.909926 208	1025354 209 159	4906 1 1	0.404 0.100 0.361
000210 1756391161078356 21.011610 209	1030260 210 160	4906 1 1	1.284 0.880 0.394
000211 1756391161177988 21.111242 210	1035166 211 161	4906 1 1	0.505 -0.779 0.418
000212 1756391161278347 21.211601 211	1040072 212 162	4906 1 1	0.475 -0.030 0.394
000213 1756391161379224 21.312478 212	1044978 213 163	4906 1 1	0.897 0.422 0.395
000214 1756391161480227 21.413481 213	1049884 214 164	4906 1 1	0.632 -0.265 0.387
000215 1756391161581648 21.514902 214	1054790 215 165	4906 1 1	1.274 0.642 0.403
000216 1756391161682072 21.615326 215	1059696 216 166	4906 1 1	0.504 -0.770 0.426
000217 1756391161782635 21.715889 216	1064602 217 167	4906 1 1	0.251 -0.253 0.415
000218 1756391161883402 21.816656 217	1069508 218 168	4906 1 1	0.437 0.186 0.401
000219 1756391161984130 21.917384 218	1074414 219 169	4906 1 1	0.348 -0.089 0.381
000220 1756391162085011 22.018265 219	1079320 220 170	4906 1 1	0.475 0.127 0.365
000221 1756391162185078 22.118332 220	1084226 221 171	4906 1 1	0.230 -0.245 0.358
000222 1756391162285399 22.218653 221	1089132 222 172	4906 1 1	0.217 -0.013 0.336
000223 1756391162385540 22.318794 222	1094038 223 173	4906 1 1	0.007 -0.210 0.328
000224 1756391162486216 22.419470 223	1098944 224 174	4906 1 1	0.093 0.086 0.313
000225 1756391162587087 22.520341 224	1103850 225 175	4906 1 1	0.806 0.713 0.338
000226 1756391162687272 22.620526 225	1108756 226 176	4906 1 1	0.399 -0.407 0.343
000227 1756391162787464 22.720718 226	1113662 227 177	4906 1 1	0.301 -0.098 0.327
000228 1756391162887295 22.820549 227	1118568 228 178	4906 1 1	-0.238 -0.539 0.341
000229 1756391162988405 22.921659 228	1123474 229 179	4906 1 1	0.095 0.333 0.340
000230 1756391163088851 23.022105 229	1128380 230 180	4906 1 1	0.205 0.110 0.326
000231 1756391163189389 23.122643 230	1133286 231 181	4906 1 1	-0.022 -0.227 0.320
000232 1756391163289919 23.223173 231	1138192 232 182	4906 1 1	0.152 0.174 0.310
000233 1756391163390335 23.323589 232	1143098 233 183	4906 1 1	0.114 -0.038 0.293
000234 1756391163490778 23.424032 233	1148004 234 184	4906 1 1	0.068 -0.046 0.278
000235 1756391163591345 23.524599 234	1152910 235 185	4906 1 1	0.138 0.070 0.265
000236 1756391163692053 23.625307 235	1157816 236 186	4906 1 1	0.373 0.235 0.263
000237 1756391163793287 23.726541 236	1162722 237 187	4906 1 1	0.452 0.079 0.252
000238 1756391163893632 23.826886 237	1167628 238 188	4906 1 1	0.309 -0.143 0.245
000239 1756391163994363 23.927617 238	1172534 239 189	4906 1 1	0.435 0.126 0.237
000240 1756391164094730 24.027984 239	1177440 240 190	4906 1 1	0.530 0.095 0.228
000241 1756391164196092 24.129346 240	1182346 241 191	4906 1 1	1.425 0.895 0.270
000242 1756391164296384 24.229638 241	1187252 242 192	4906 1 1	0.552 -0.873 0.308
000243 1756391164397151 24.330405 242	1192158 243 193	4906 1 1	0.595 0.043 0.291
000244 1756391164498017 24.431271 243	1197064 244 194	4906 1 1	0.876 0.281 0.291
000245 1756391164599159 24.532413 244	1201970 245 195	4906 1 1	1.055 0.179 0.284
000246 1756391164699393 24.632647 245	1206876 246 196	4906 1 1	0.461 -0.594 0.303
000247 1756391164800287 24.733541 246	1211782 247 197	4906 1 1	0.568 0.107 0.291
000248 1756391164901676 24.834930 247	1216688 248 198	4906 1 1	0.787 0.219 0.286
000249 1756391165001728 24.934982 248	1221594 249 199	4906 1 1	0.358 -0.429 0.295
000250 1756391165102555 25.035809 249	1226500 250 200	4906 1 1	0.684 0.326 0.297
000251 1756391165203405 25.136659 250	1231406 251 201	4906 1 1	0.836 0.152 0.288
000252 1756391165304649 25.237903 251	1236312 252 202	4906 1 1	1.331 0.495 0.301
000253 1756391165404440 25.337694 252	1241218 253 203	4906 1 1	0.784 -0.547 0.316
000254 1756391165505283 25.438537 253	1246124 254 204	4906 1 1	0.425 -0.359 0.319
000255 1756391165605688 25.538942 254	1251030 255 205	4906 1 1	0.473 0.048 0.302
000256 1756391165706027 25.639281 255	1255936 256 206	4906 1 1	0.345 -0.128 0.291
000257 1756391165806586 25.739840 256	1260842 257 207	4906 1 1	0.262 -0.083 0.278
000258 1756391165908251 25.841505 257	1265748 258 208	4906 1 1	0.900 0.638 0.301
000259 1756391166009283 25.942537 258	1270654 259 209	4906 1 1	1.125 0.225 0.296
000260 1756391166109415 26.042669 259	1275560 260 210	4906 1 1	0.432 -0.693 0.321
000261 1756391166211972 26.145226 260	1280466 261 211	4906 1 1	1.787 1.355 0.385
000262 1756391166311895 26.245149 261	1285372 262 212	4906 1 1	0.364 -1.423 0.450
000263 1756391166412571 26.345825 262	1290278 263 213	4906 1 1	0.740 0.376 0.446
000264 1756391166513159 26.446413 263	1295184 264 214	4906 1 1	0.699 -0.041 0.420
000265 1756391166613370 26.546624 264	1300090 265 215	4906 1 1	0.211 -0.488 0.425
000266 1756391166714247 26.647501 265	1304996 266 216	4906 1 1	0.744 0.533 0.431
000267 1756391166814525 26.747779 266	1309902 267 217	4906 1 1	0.575 -0.169 0.415
000268 1756391166915320 26.848574 267	1314808 268 218	4906 1 1	0.971 0.396 0.414
000269 1756391167015288 26.948542 268	1319714 269 219	4906 1 1	0.340 -0.631 0.427
000270 1756391167116071 27.049325 269	1324620 270 220	4906 1 1	0.280 -0.060 0.404
000271 1756391167216969 27.150223 270	1329526 271 221	4906 1 1	0.850 0.570 0.415
000272 1756391167317132 27.250386 271	1334432 272 222	4906 1 1	0.322 -0.528 0.422
000273 1756391167418102 27.351356 272	1339338 273 223	4906 1 1	0.388 0.066 0.400
000274 1756391167518346 27.451600 273	1344244 274 224	4906 1 1	0.005 -0.383 0.399
000275 1756391167619334 27.552588 274	1349150 275 225	4906 1 1	0.108 0.103 0.380
000276 1756391167720107 27.653361 275	1354056 276 226	4906 1 1	0.189 0.081 0.361
000277 1756391167821079 27.754333 276	1358962 277 227	4906 1 1	0.332 0.143 0.348
000278 1756391167922303 27.855557 277	1363868 278 228	4906 1 1	0.433 0.101 0.332
000279 1756391168022674 27.955928 278	1368774 279 229	4906 1 1	0.161 -0.272 0.329
000280 1756391168123735 28.056989 279	1373680 280 230	4906 1 1	0.651 0.490 0.339
000281 1756391168224224 28.157478 280	1378586 281 231	4906 1 1	0.582 -0.069 0.322
000282 1756391168324416 28.257670 281	1383492 282 232	4906 1 1	0.055 -0.527 0.335
000283 1756391168425447 28.358701 282	1388398 283 233	4906 1 1	0.471 0.416 0.340
000284 1756391168526165 28.459419 283	1393304 284 234	4906 1 1	0.347 -0.124 0.326
000285 1756391168627327 28.560581 284	1398210 285 235	4906 1 1	0.440 0.093 0.312
000286 1756391168727595 28.660849 285	1403116 286 236	4906 1 1	0.165 -0.275 0.309
000287 1756391168828116 28.761370 286	1408022 287 237	4906 1 1	0.215 0.050 0.293
000288 1756391168929071 28.862325 287	1412928 288 238	4906 1 1	0.817 0.602 0.312
000289 1756391169029219 28.962473 288	1417834 289 239	4906 1 1	0.526 -0.291 0.311
000290 1756391169130429 29.063683 289	1422740 290 240	4906 1 1	0.600 0.074 0.296
000291 1756391169231250 29.164504 290	1427646 291 241	4906 1 1	0.656 0.056 0.281
000292 1756391169331532 29.264786 291	1432552 292 242	4906 1 1	0.599 -0.057 0.267
000293 1756391169432066 29.365320 292	1437458 293 243	4906 1 1	0.600 0.001 0.251
000294 1756391169533456 29.466710 293	1442364 294 244	4906 1 1	0.254 -0.346 0.257
000295 1756391169634276 29.567530 294	1447270 295 245	4906 1 1	0.201 -0.053 0.244
000296 1756391169735261 29.668515 295	1452176 296 246	4906 1 1	0.392 0.191 0.241
000297 1756391169835405 29.768659 296	1457082 297 247	4906 1 1	0.281 -0.111 0.232
000298 1756391169936133 29.869387 297	1461988 298 248	4906 1 1	0.280 -0.001 0.218
000299 1756391170038341 29.971595 298	1466894 299 249	4906 1 1	0.529 0.249 0.220
000300 1756391170138647 30.071901 299	1471800 300 250	4906 1 1	0.478 -0.051 0.209
000301 1756391170239258 30.172512 300	1476706 301 251	4906 1 1	0.451 -0.027 0.198
000302 1756391170339243 30.272497 301	1481612 302 252	4906 1 1	0.166 -0.285 0.203
000303 1756391170439922 30.373176 302	1486518 303 253	4906 1 1	0.409 0.243 0.206
000304 1756391170540752 30.474006 303	1491424 304 254	4906 1 1	0.305 -0.104 0.200
000305 1756391170641305 30.574559 304	1496330 305 255	4906 1 1	0.230 -0.075 0.192
000306 1756391170742139 30.675393 305	1501236 306 256	4906 1 1	0.354 0.124 0.187
000307 1756391170843332 30.776586 306	1506142 307 257	4906 1 1	0.252 -0.102 0.182
000308 1756391170943626 30.876880 307	1511048 308 258	4906 1 1	0.249 -0.003 0.171
000309 1756391171045322 30.978576 308	1515954 309 259	4906 1 1	0.412 0.163 0.170
000310 1756391171146070 31.079324 309	1520860 310 260	4906 1 1	0.386 -0.026 0.161
000311 1756391171246265 31.179519 310	1525766 311 261	4906 1 1	0.159 -0.227 0.166
000312 1756391171346716 31.279970 311	1530672 312 262	4906 1 1	0.130 -0.029 0.157
000313 1756391171446635 31.379889 312	1535578 313 263	4906 1 1	-0.151 -0.281 0.165
000314 1756391171547185 31.480439 313	1540484 314 264	4906 1 1	0.061 0.212 0.168
000315 1756391171647144 31.580398 314	1545390 315 265	4906 1 1	-0.166 -0.227 0.171
000316 1756391171747909 31.681163 315	1550296 316 266	4906 1 1	0.071 0.237 0.176
000317 1756391171848489 31.781743 316	1555202 317 267	4906 1 1	0.146 0.075 0.169
000318 1756391171948534 31.881788 317	1560108 318 268	4906 1 1	-0.037 -0.183 0.170
000319 1756391172049481 31.982735 318	1565014 319 269	4906 1 1	0.361 0.398 0.184
000320 1756391172150039 32.083293 319	1569920 320 270	4906 1 1	0.489 0.128 0.181
000321 1756391172250294 32.183548 320	1574826 321 271	4906 1 1	0.337 -0.152 0.179
000322 1756391172350737 32.283991 321	1579732 322 272	4906 1 1	0.256 -0.081 0.173
000323 1756391172451380 32.384634 322	1584638 323 273	4906 1 1	0.254 -0.002 0.162
000324 1756391172551717 32.484971 323	1589544 324 274	4906 1 1	0.307 0.053 0.155
000325 1756391172652271 32.585525 324	1594450 325 275	4906 1 1	0.473 0.166 0.156
000326 1756391172753393 32.686647 325	1599356 326 276	4906 1 1	0.564 0.091 0.152
000327 1756391172854029 32.787283 326	1604262 327 277	4906 1 1	0.216 -0.348 0.164
000328 1756391172955049 32.888303 327	1609168 328 278	4906 1 1	0.167 -0.049 0.157
000329 1756391173055409 32.988663 328	1614074 329 279	4906 1 1	0.185 0.018 0.148
000330 1756391173155669 33.088923 329	1618980 330 280	4906 1 1	0.178 -0.007 0.140
000331 1756391173255725 33.188979 330	1623886 331 281	4906 1 1	0.019 -0.159 0.141
000332 1756391173356265 33.289519 331	1628792 332 282	4906 1 1	0.078 0.059 0.136
000333 1756391173456963 33.390217 332	1633698 333 283	4906 1 1	0.071 -0.007 0.128
000334 1756391173557459 33.490713 333	1638604 334 284	4906 1 1	0.221 0.150 0.129
000335 1756391173657699 33.590953 334	1643510 335 285	4906 1 1	0.057 -0.164 0.131
000336 1756391173758372 33.691626 335	1648416 336 286	4906 1 1	0.295 0.238 0.138
000337 1756391173858823 33.792077 336	1653322 337 287	4906 1 1	0.229 -0.066 0.133
000338 1756391173960525 33.893779 337	1658228 338 288	4906 1 1	0.658 0.429 0.152
000339 1756391174061654 33.994908 338	1663134 339 289	4906 1 1	1.154 0.496 0.173
000340 1756391174161196 34.094450 339	1668040 340 290	4906 1 1	0.306 -0.848 0.216
000341 1756391174261433 34.194687 340	1672946 341 291	4906 1 1	0.273 -0.033 0.204
000342 1756391174361714 34.294968 341	1677852 342 292	4906 1 1	0.202 -0.071 0.196
000343 1756391174462447 34.395701 342	1682758 343 293	4906 1 1	0.585 0.383 0.207
000344 1756391174562780 34.496034 343	1687664 344 294	4906 1 1	0.465 -0.120 0.202
000345 1756391174663239 34.596493 344	1692570 345 295	4906 1 1	0.254 -0.211 0.203
000346 1756391174764262 34.697516 345	1697476 346 296	4906 1 1	0.723 0.469 0.219
000347 1756391174864351 34.797605 346	1702382 347 297	4906 1 1	0.275 -0.448 0.234
000348 1756391174965130 34.898384 347	1707288 348 298	4906 1 1	0.544 0.269 0.236
000349 1756391175065368 34.998622 348	1712194 349 299	4906 1 1	0.431 -0.113 0.228
000350 1756391175166412 35.099666 349	1717100 350 300	4906 1 1	0.625 0.194 0.226
000351 1756391175266578 35.199832 350	1722006 351 301	4906 1 1	0.236 -0.389 0.236
000352 1756391175367476 35.300730 351	1726912 352 302	4906 1 1	0.329 0.093 0.227
000353 1756391175467356 35.400610 352	1731818 353 303	4906 1 1	-0.014 -0.343 0.234
000354 1756391175567736 35.500990 353	1736724 354 304	4906 1 1	-0.084 -0.070 0.224
000355 1756391175668602 35.601856 354	1741630 355 305	4906 1 1	-0.007 0.077 0.215
000356 1756391175768886 35.702140 355	1746536 356 306	4906 1 1	-0.015 -0.008 0.202
000357 1756391175871022 35.804276 356	1751442 357 307	4906 1 1	0.297 0.312 0.209
000358 1756391175971080 35.904334 357	1756348 358 308	4906 1 1	0.127 -0.170 0.206
000359 1756391176071099 36.004353 358	1761254 359 309	4906 1 1	-0.077 -0.204 0.206
000360 1756391176172182 36.105436 359	1766160 360 310	4906 1 1	0.047 0.124 0.201
000361 1756391176272601 36.205855 360	1771066 361 311	4906 1 1	0.054 0.007 0.189
000362 1756391176373281 36.306535 361	1775972 362 312	4906 1 1	0.095 0.041 0.180
000363 1756391176474334 36.407588 362	1780878 363 313	4906 1 1	0.341 0.246 0.184
000364 1756391176574506 36.507760 363	1785784 364 314	4906 1 1	0.071 -0.270 0.189
000365 1756391176675130 36.608384 364	1790690 365 315	4906 1 1	0.075 0.004 0.178
000366 1756391176775648 36.708902 365	1795596 366 316	4906 1 1	0.242 0.167 0.177
000367 1756391176876660 36.809914 366	1800502 367 317	4906 1 1	0.590 0.348 0.188
000368 1756391176977333 36.910587 367	1805408 368 318	4906 1 1	0.796 0.206 0.189
000369 1756391177078143 37.011397 368	1810314 369 319	4906 1 1	1.029 0.233 0.192
000370 1756391177178039 37.111293 369	1815220 370 320	4906 1 1	0.486 -0.543 0.214
000371 1756391177279475 37.212729 370	1820126 371 321	4906 1 1	0.577 0.091 0.206
000372 1756391177380383 37.313637 371	1825032 372 322	4906 1 1	0.737 0.160 0.203
000373 1756391177480424 37.413678 372	1829938 373 323	4906 1 1	0.334 -0.403 0.216
000374 1756391177581042 37.514296 373	1834844 374 324	4906 1 1	0.569 0.235 0.217
000375 1756391177681948 37.615202 374	1839750 375 325	4906 1 1	0.996 0.427 0.230
000376 1756391177782163 37.715417 375	1844656 376 326	4906 1 1	0.630 -0.366 0.238
000377 1756391177882278 37.815532 376	1849562 377 327	4906 1 1	0.342 -0.288 0.242
000378 1756391177983332 37.916586 377	1854468 378 328	4906 1 1	0.475 0.133 0.235
000379 1756391178084682 38.017936 378	1859374 379 329	4906 1 1	0.628 0.153 0.230
000380 1756391178184785 38.118039 379	1864280 380 330	4906 1 1	0.358 -0.270 0.232
000381 1756391178285315 38.218569 380	1869186 381 331	4906 1 1	0.380 0.022 0.219
000382 1756391178386169 38.319423 381	1874092 382 332	4906 1 1	0.582 0.202 0.218
000383 1756391178487894 38.421148 382	1878998 383 333	4906 1 1	0.196 -0.386 0.228
000384 1756391178588353 38.521607 383	1883904 384 334	4906 1 1	0.352 0.156 0.224
000385 1756391178688177 38.621431 384	1888810 385 335	4906 1 1	-0.096 -0.448 0.238
000386 1756391178788967 38.722221 385	1893716 386 336	4906 1 1	0.254 0.350 0.245
000387 1756391178889055 38.822309 386	1898622 387 337	4906 1 1	0.194 -0.060 0.233
000388 1756391178990006 38.923260 387	1903528 388 338	4906 1 1	0.225 0.031 0.221
000389 1756391179090963 39.024217 388	1908434 389 339	4906 1 1	0.050 -0.175 0.218
000390 1756391179192026 39.125280 389	1913340 390 340	4906 1 1	0.399 0.349 0.226
000391 1756391179292237 39.225491 390	1918246 391 341	4906 1 1	0.182 -0.217 0.225
000392 1756391179393184 39.326438 391	1923152 392 342	4906 1 1	0.158 -0.024 0.213
000393 1756391179495036 39.428290 392	1928058 393 343	4906 1 1	0.406 0.248 0.215
000394 1756391179595623 39.528877 393	1932964 394 344	4906 1 1	0.355 -0.051 0.205
000395 1756391179696124 39.629378 394	1937870 395 345	4906 1 1	0.239 -0.116 0.199
000396 1756391179798177 39.731431 395	1942776 396 346	4906 1 1	0.250 0.011 0.188
000397 1756391179898386 39.831640 396	1947682 397 347	4906 1 1	0.083 -0.167 0.186
000398 1756391179998593 39.931847 397	1952588 398 348	4906 1 1	0.084 0.001 0.175
000399 1756391180099260 40.032514 398	1957494 399 349	4906 1 1	0.134 0.050 0.167
000400 1756391180199583 40.132837 399	1962400 400 350	4906 1 1	0.142 0.008 0.157
000401 1756391180301272 40.234526 400	1967306 401 351	4906 1 1	0.456 0.314 0.167
000402 1756391180401990 40.335244 401	1972212 402 352	4906 1 1	0.787 0.331 0.177
000403 1756391180502582 40.435836 402	1977118 403 353	4906 1 1	0.605 -0.182 0.177
000404 1756391180603507 40.536761 403	1982024 404 354	4906 1 1	0.452 -0.153 0.176
000405 1756391180704295 40.637549 404	1986930 405 355	4906 1 1	0.451 -0.001 0.165
000406 1756391180805295 40.738549 405	1991836 406 356	4906 1 1	0.726 0.275 0.172
000407 1756391180905926 40.839180 406	1996742 407 357	4906 1 1	0.804 0.078 0.166
000408 1756391181006563 40.939817 407	2001648 408 358	4906 1 1	0.839 0.035 0.158
000409 1756391181106346 41.039600 408	2006554 409 359	4906 1 1	0.177 -0.662 0.189
000410 1756391181207326 41.140580 409	2011460 410 360	4906 1 1	0.312 0.135 0.186
000411 1756391181308131 41.241385 410	2016366 411 361	4906 1 1	0.446 0.134 0.183
000412 1756391181408987 41.342241 411	2021272 412 362	4906 1 1	0.464 0.018 0.172
000413 1756391181510286 41.443540 412	2026178 413 363	4906 1 1	0.443 -0.021 0.163
000414 1756391181610600 41.543854 413	2031084 414 364	4906 1 1	0.335 -0.108 0.159
000415 1756391181710963 41.644217 414	2035990 415 365	4906 1 1	0.293 -0.042 0.152
000416 1756391181811386 41.744640 415	2040896 416 366	4906 1 1	0.102 -0.191 0.155
000417 1756391181911790 41.845044 416	2045802 417 367	4906 1 1	0.132 0.030 0.147
000418 1756391182012761 41.946015 417	2050708 418 368	4906 1 1	0.342 0.210 0.151
000419 1756391182113121 42.046375 418	2055614 419 369	4906 1 1	0.190 -0.152 0.151
000420 1756391182213954 42.147208 419	2060520 420 370	4906 1 1	0.583 0.393 0.166
000421 1756391182314297 42.247551 420	2065426 421 371	4906 1 1	0.394 -0.189 0.167
000422 1756391182414474 42.347728 421	2070332 422 372	4906 1 1	0.322 -0.072 0.161
000423 1756391182515084 42.448338 422	2075238 423 373	4906 1 1	0.616 0.294 0.170
000424 1756391182615344 42.548598 423	2080144 424 374	4906 1 1	0.505 -0.111 0.166
000425 1756391182716487 42.649741 424	2085050 425 375	4906 1 1	0.442 -0.063 0.160
000426 1756391182817379 42.750633 425	2089956 426 376	4906 1 1	0.495 0.053 0.153
000427 1756391182917749 42.851003 426	2094862 427 377	4906 1 1	0.529 0.034 0.145
000428 1756391183018299 42.951553 427	2099768 428 378	4906 1 1	0.314 -0.215 0.150
000429 1756391183118757 43.052011 428	2104674 429 379	4906 1 1	0.322 0.008 0.141
000430 1756391183219273 43.152527 429	2109580 430 380	4906 1 1	0.470 0.148 0.141
000431 1756391183319674 43.252928 430	2114486 431 381	4906 1 1	0.266 -0.204 0.145
000432 1756391183420236 43.353490 431	2119392 432 382	4906 1 1	0.427 0.161 0.146
000433 1756391183520214 43.453468 432	2124298 433 383	4906 1 1	0.222 -0.205 0.150
000434 1756391183620922 43.554176 433	2129204 434 384	4906 1 1	0.445 0.223 0.155
000435 1756391183721248 43.654502 434	2134110 435 385	4906 1 1	0.314 -0.131 0.153
000436 1756391183821420 43.754674 435	2139016 436 386	4906 1 1	0.121 -0.193 0.156
000437 1756391183922519 43.855773 436	2143922 437 387	4906 1 1	0.529 0.408 0.171
000438 1756391184022654 43.955908 437	2148828 438 388	4906 1 1	0.286 -0.243 0.176
000439 1756391184123109 44.056363 438	2153734 439 389	4906 1 1	0.370 0.084 0.170
000440 1756391184223178 44.156432 439	2158640 440 390	4906 1 1	0.094 -0.276 0.177
000441 1756391184324495 44.257749 440	2163546 441 391	4906 1 1	0.150 0.056 0.169
000442 1756391184425313 44.358567 441	2168452 442 392	4906 1 1	0.684 0.534 0.192
000443 1756391184525540 44.458794 442	2173358 443 393	4906 1 1	0.508 -0.176 0.191
000444 1756391184626535 44.559789 443	2178264 444 394	4906 1 1	0.991 0.483 0.209
000445 1756391184726344 44.659598 444	2183170 445 395	4906 1 1	0.307 -0.684 0.239
000446 1756391184827364 44.760618 445	2188076 446 396	4906 1 1	0.722 0.415 0.250
000447 1756391184929242 44.862496 446	2192982 447 397	4906 1 1	1.313 0.591 0.271
000448 1756391185030146 44.963400 447	2197888 448 398	4906 1 1	0.706 -0.607 0.292
000449 1756391185130766 45.064020 448	2202794 449 399	4906 1 1	0.984 0.278 0.291
000450 1756391185231085 45.164339 449	2207700 450 400	4906 1 1	0.717 -0.267 0.290
000451 1756391185331585 45.264839 450	2212606 451 401	4906 1 1	0.487 -0.230 0.286
000452 1756391185432671 45.365925 451	2217512 452 402	4906 1 1	0.921 0.434 0.295
000453 1756391185533032 45.466286 452	2222418 453 403	4906 1 1	0.950 0.029 0.279
000454 1756391185634666 45.567920 453	2227324 454 404	4906 1 1	1.059 0.109 0.268
000455 1756391185734653 45.667907 454	2232230 455 405	4906 1 1	0.591 -0.468 0.281
000456 1756391185835726 45.768980 455	2237136 456 406	4906 1 1	0.801 0.210 0.276
000457 1756391185935935 45.869189 456	2242042 457 407	4906 1 1	0.682 -0.119 0.266
000458 1756391186036996 45.970250 457	2246948 458 408	4906 1 1	0.837 0.155 0.259
000459 1756391186140188 46.073442 458	2251854 459 409	4906 1 1	3.274 2.437 0.395
000460 1756391186238285 46.171539 459	2256760 460 410	4906 1 1	0.518 -2.756 0.543
000461 1756391186339037 46.272291 460	2261666 461 411	4906 1 1	0.794 0.276 0.526
000462 1756391186439583 46.372837 461	2266572 462 412	4906 1 1	0.924 0.130 0.502
000463 1756391186541109 46.474363 462	2271478 463 413	4906 1 1	0.937 0.013 0.471
000464 1756391186642997 46.576251 463	2276384 464 414	4906 1 1	1.798 0.861 0.495
000465 1756391186742373 46.675627 464	2281290 465 415	4906 1 1	0.535 -1.263 0.543
000466 1756391186843567 46.776821 465	2286196 466 416	4906 1 1	0.927 0.392 0.534
000467 1756391186943282 46.876536 466	2291102 467 417	4906 1 1	0.290 -0.637 0.540
000468 1756391187044105 46.977359 467	2296008 468 418	4906 1 1	0.767 0.477 0.536
000469 1756391187145104 47.078358 468	2300914 469 419	4906 1 1	1.180 0.413 0.529
000470 1756391187246676 47.179930 469	2305820 470 420	4906 1 1	0.776 -0.404 0.521
000471 1756391187347256 47.280510 470	2310726 471 421	4906 1 1	0.933 0.157 0.498
000472 1756391187447552 47.380806 471	2315632 472 422	4906 1 1	0.851 -0.082 0.472
000473 1756391187547963 47.481217 472	2320538 473 423	4906 1 1	0.754 -0.097 0.449
000474 1756391187648256 47.581510 473	2325444 474 424	4906 1 1	0.510 -0.244 0.436
000475 1756391187749992 47.683246 474	2330350 475 425	4906 1 1	1.085 0.575 0.445
000476 1756391187850601 47.783855 475	2335256 476 426	4906 1 1	0.423 -0.662 0.458
000477 1756391187951231 47.884485 476	2340162 477 427	4906 1 1	0.525 0.102 0.436
000478 1756391188051336 47.984590 477	2345068 478 428	4906 1 1	0.174 -0.351 0.431
000479 1756391188151718 48.084972 478	2349974 479 429	4906 1 1	0.307 0.133 0.412
000480 1756391188252948 48.186202 479	2354880 480 430	4906 1 1	0.796 0.489 0.417
000481 1756391188352565 48.285819 480	2359786 481 431	4906 1 1	0.099 -0.697 0.434
000482 1756391188453102 48.386356 481	2364692 482 432	4906 1 1	0.168 0.069 0.411
000483 1756391188553382 48.486636 482	2369598 483 433	4906 1 1	0.189 0.021 0.387
000484 1756391188654701 48.587955 483	2374504 484 434	4906 1 1	0.930 0.741 0.409
000485 1756391188755526 48.688780 484	2379410 485 435	4906 1 1	0.654 -0.276 0.401
000486 1756391188856004 48.789258 485	2384316 486 436	4906 1 1	0.202 -0.452 0.404
000487 1756391188956215 48.889469 486	2389222 487 437	4906 1 1	0.134 -0.068 0.383
000488 1756391189057315 48.990569 487	2394128 488 438	4906 1 1	0.524 0.390 0.384
000489 1756391189157582 49.090836 488	2399034 489 439	4906 1 1	0.103 -0.421 0.386
000490 1756391189259436 49.192690 489	2403940 490 440	4906 1 1	0.580 0.477 0.392
000491 1756391189360532 49.293786 490	2408846 491 441	4906 1 1	0.416 -0.164 0.377
000492 1756391189460745 49.393999 491	2413752 492 442	4906 1 1	0.000 -0.416 0.380
000493 1756391189561388 49.494642 492	2418658 493 443	4906 1 1	0.230 0.230 0.370
000494 1756391189661560 49.594814 493	2423564 494 444	4906 1 1	0.087 -0.143 0.356
000495 1756391189762639 49.695893 494	2428470 495 445	4906 1 1	0.639 0.552 0.368
000496 1756391189863101 49.796355 495	2433376 496 446	4906 1 1	0.499 -0.140 0.354
000497 1756391189964308 49.897562 496	2438282 497 447	4906 1 1	0.625 0.126 0.340
000498 1756391190065078 49.998332 497	2443188 498 448	4906 1 1	0.507 -0.118 0.326
000499 1756391190165523 50.098777 498	2448094 499 449	4906 1 1	0.282 -0.225 0.320
000500 1756391190266544 50.199798 499	2453000 500 450	4906 1 1	0.574 0.292 0.318
000501 1756391190367402 50.300656 500	2457906 501 451	4906 1 1	0.649 0.075 0.303
000502 1756391190467290 50.400544 501	2462812 502 452	4906 1 1	-0.021 -0.670 0.326
000503 1756391190568011 50.501265 502	2467718 503 453	4906 1 1	0.347 0.368 0.328
000504 1756391190668327 50.601581 503	2472624 504 454	4906 1 1	0.033 -0.314 0.327
000505 1756391190769237 50.702491 504	2477530 505 455	4906 1 1	0.233 0.200 0.320
000506 1756391190869575 50.802829 505	2482436 506 456	4906 1 1	0.259 0.026 0.301
000507 1756391190970494 50.903748 506	2487342 507 457	4906 1 1	0.350 0.091 0.288
000508 1756391191071266 51.004520 507	2492248 508 458	4906 1 1	0.294 -0.056 0.274
000509 1756391191172040 51.105294 508	2497154 509 459	4906 1 1	0.156 -0.138 0.265
000510 1756391191273528 51.206782 509	2502060 510 460	4906 1 1	0.568 0.412 0.274
000511 1756391191375139 51.308393 510	2506966 511 461	4906 1 1	0.839 0.271 0.274
000512 1756391191476147 51.409401 511	2511872 512 462	4906 1 1	0.673 -0.166 0.267
000513 1756391191576561 51.509815 512	2516778 513 463	4906 1 1	0.614 -0.059 0.254
000514 1756391191676430 51.609684 513	2521684 514 464	4906 1 1	0.237 -0.377 0.262
000515 1756391191777511 51.710765 514	2526590 515 465	4906 1 1	0.604 0.367 0.269
000516 1756391191878065 51.811319 515	2531496 516 466	4906 1 1	0.471 -0.133 0.260
000517 1756391191978696 51.911950 516	2536402 517 467	4906 1 1	0.375 -0.096 0.250
000518 1756391192079485 52.012739 517	2541308 518 468	4906 1 1	0.665 0.290 0.252
000519 1756391192180105 52.113359 518	2546214 519 469	4906 1 1	0.368 -0.297 0.255
000520 1756391192280841 52.214095 519	2551120 520 470	4906 1 1	0.748 0.380 0.263
000521 1756391192381268 52.314522 520	2556026 521 471	4906 1 1	0.644 -0.104 0.253
000522 1756391192481489 52.414743 521	2560932 522 472	4906 1 1	0.342 -0.302 0.256
000523 1756391192581596 52.514850 522	2565838 523 473	4906 1 1	0.265 -0.077 0.245
000524 1756391192682299 52.615553 523	2570744 524 474	4906 1 1	0.389 0.124 0.237
000525 1756391192783299 52.716553 524	2575650 525 475	4906 1 1	0.473 0.084 0.228
000526 1756391192883611 52.816865 525	2580556 526 476	4906 1 1	0.201 -0.272 0.230
000527 1756391192984394 52.917648 526	2585462 527 477	4906 1 1	0.467 0.266 0.233
000528 1756391193084980 53.018234 527	2590368 528 478	4906 1 1	0.641 0.174 0.229
000529 1756391193185675 53.118929 528	2595274 529 479	4906 1 1	0.764 0.123 0.222
000530 1756391193286697 53.219951 529	2600180 530 480	4906 1 1	0.551 -0.213 0.222
000531 1756391193387945 53.321199 530	2605086 531 481	4906 1 1	0.685 0.134 0.216
000532 1756391193488498 53.421752 531	2609992 532 482	4906 1 1	0.427 -0.258 0.219
000533 1756391193589427 53.522681 532	2614898 533 483	4906 1 1	0.312 -0.115 0.212
000534 1756391193689957 53.623211 533	2619804 534 484	4906 1 1	0.601 0.289 0.217
000535 1756391193790271 53.723525 534	2624710 535 485	4906 1 1	0.574 -0.027 0.205
000536 1756391193891429 53.824683 535	2629616 536 486	4906 1 1	0.662 0.088 0.198
000537 1756391193991417 53.924671 536	2634522 537 487	4906 1 1	0.177 -0.485 0.216
000538 1756391194093284 54.026538 537	2639428 538 488	4906 1 1	0.753 0.576 0.238
000539 1756391194193632 54.126886 538	2644334 539 489	4906 1 1	0.143 -0.610 0.262
000540 1756391194294369 54.227623 539	2649240 540 490	4906 1 1	0.209 0.066 0.249
000541 1756391194395559 54.328813 540	2654146 541 491	4906 1 1	0.652 0.443 0.262
000542 1756391194497383 54.430637 541	2659052 542 492	4906 1 1	0.492 -0.160 0.255
000543 1756391194597773 54.531027 542	2663958 543 493	4906 1 1	0.480 -0.012 0.240
000544 1756391194699477 54.632731 543	2668864 544 494	4906 1 1	0.961 0.481 0.255
000545 1756391194800097 54.733351 544	2673770 545 495	4906 1 1	0.439 -0.522 0.272
000546 1756391194901967 54.835221 545	2678676 546 496	4906 1 1	0.905 0.466 0.284
000547 1756391195002269 54.935523 546	2683582 547 497	4906 1 1	0.563 -0.342 0.288
000548 1756391195104145 55.037399 547	2688488 548 498	4906 1 1	0.746 0.183 0.281
000549 1756391195204845 55.138099 548	2693394 549 499	4906 1 1	0.798 0.052 0.267
000550 1756391195305231 55.238485 549	2698300 550 500	4906 1 1	0.581 -0.217 0.264
000551 1756391195405930 55.339184 550	2703206 551 501	4906 1 1	0.462 -0.119 0.255
000552 1756391195506316 55.439570 551	2708112 552 502	4906 1 1	0.463 0.001 0.239
000553 1756391195607646 55.540900 552	2713018 553 503	4906 1 1	0.537 0.074 0.228
000554 1756391195708119 55.641373 553	2717924 554 504	4906 1 1	0.508 -0.029 0.216
000555 1756391195809655 55.742909 554	2722830 555 505	4906 1 1	0.738 0.230 0.217
000556 1756391195910489 55.843743 555	2727736 556 506	4906 1 1	0.199 -0.539 0.237
000557 1756391196011106 55.944360 556	2732642 557 507	4906 1 1	0.280 0.081 0.227
000558 1756391196111541 56.044795 557	2737548 558 508	4906 1 1	0.497 0.217 0.227
000559 1756391196212112 56.145366 558	2742454 559 509	4906 1 1	0.679 0.182 0.224
000560 1756391196312312 56.245566 559	2747360 560 510	4906 1 1	0.408 -0.271 0.227
000561 1756391196412578 56.345832 560	2752266 561 511	4906 1 1	0.172 -0.236 0.227
000562 1756391196513006 56.446260 561	2757172 562 512	4906 1 1	0.149 -0.023 0.215
000563 1756391196613313 56.546567 562	2762078 563 513	4906 1 1	0.149 0.000 0.201
000564 1756391196713496 56.646750 563	2766984 564 514	4906 1 1	0.013 -0.136 0.197
000565 1756391196814101 56.747355 564	2771890 565 515	4906 1 1	0.320 0.307 0.204
000566 1756391196915326 56.848580 565	2776796 566 516	4906 1 1	0.593 0.273 0.208
000567 1756391197015389 56.948643 566	2781702 567 517	4906 1 1	0.337 -0.256 0.211
000568 1756391197116272 57.049526 567	2786608 568 518	4906 1 1	0.810 0.473 0.228
000569 1756391197217081 57.150335 568	2791514 569 519	4906 1 1	0.983 0.173 0.224
000570 1756391197318135 57.251389 569	2796420 570 520	4906 1 1	0.457 -0.526 0.243
000571 1756391197419534 57.352788 570	2801326 571 521	4906 1 1	0.568 0.111 0.235
000572 1756391197520257 57.453511 571	2806232 572 522	4906 1 1	0.870 0.302 0.239
000573 1756391197621226 57.554480 572	2811138 573 523	4906 1 1	0.399 -0.471 0.253
000574 1756391197721505 57.654759 573	2816044 574 524	4906 1 1	0.315 -0.084 0.243
000575 1756391197822088 57.755342 574	2820950 575 525	4906 1 1	0.452 0.137 0.236
000576 1756391197923327 57.856581 575	2825856 576 526	4906 1 1	0.455 0.003 0.222
000577 1756391198023553 57.956807 576	2830762 577 527	4906 1 1	0.221 -0.234 0.222
000578 1756391198123860 58.057114 577	2835668 578 528	4906 1 1	0.261 0.040 0.211
000579 1756391198224346 58.157600 578	2840574 579 529	4906 1 1	0.393 0.132 0.206
000580 1756391198325583 58.258837 579	2845480 580 530	4906 1 1	0.732 0.339 0.214
000581 1756391198426530 58.359784 580	2850386 581 531	4906 1 1	0.983 0.251 0.217
000582 1756391198526388 58.459642 581	2855292 582 532	4906 1 1	0.544 -0.439 0.231
000583 1756391198626681 58.559935 582	2860198 583 533	4906 1 1	0.348 -0.196 0.228
000584 1756391198726896 58.660150 583	2865104 584 534	4906 1 1	0.042 -0.306 0.233
000585 1756391198827583 58.760837 584	2870010 585 535	4906 1 1	0.302 0.260 0.235
000586 1756391198928385 58.861639 585	2874916 586 536	4906 1 1	0.403 0.101 0.227
000587 1756391199028831 58.962085 586	2879822 587 537	4906 1 1	0.197 -0.206 0.225
000588 1756391199129572 59.062826 587	2884728 588 538	4906 1 1	0.246 0.049 0.214
000589 1756391199230036 59.163290 588	2889634 589 539	4906 1 1	0.145 -0.101 0.207
000590 1756391199330664 59.263918 589	2894540 590 540	4906 1 1	0.374 0.229 0.209
000591 1756391199431541 59.364795 590	2899446 591 541	4906 1 1	0.725 0.351 0.217
000592 1756391199531754 59.465008 591	2904352 592 542	4906 1 1	0.500 -0.225 0.218
000593 1756391199632348 59.565602 592	2909258 593 543	4906 1 1	0.497 -0.003 0.205
000594 1756391199732668 59.665922 593	2914164 594 544	4906 1 1	0.511 0.014 0.193
000595 1756391199832565 59.765819 594	2919070 595 545	4906 1 1	0.020 -0.491 0.211
000596 1756391199934378 59.867632 595	2923976 596 546	4906 1 1	0.551 0.531 0.231
000597 1756391200035159 59.968413 596	2928882 597 547	4906 1 1	0.318 -0.233 0.231
