AbsTime RelTime SeqNumber	AbsBytes AbsPackets AbsFrames	RelBytes RelPackets RelFrames	Delay PrevPacketDelayDiff Jitter
000001 1756390114070756 0.002345 0	512 1 0	512 1 0	1.289 1.289 0.081
000002 1756390114404397 0.335986 1	1024 2 0	512 1 0	0.398 -0.891 0.131
000003 1756390114739552 0.671141 2	1536 3 0	512 1 0	0.449 0.051 0.126
000004 1756390115074306 1.005895 3	2048 4 0	512 1 0	0.547 0.098 0.124
000005 1756390115408549 1.340138 4	2560 5 0	512 1 0	0.199 -0.348 0.138
000006 1756390115743066 1.674655 5	3072 6 0	512 1 0	0.151 -0.048 0.133
000007 1756390116078006 2.009595 6	3584 7 0	512 1 0	0.596 0.445 0.152
000008 1756390116412294 2.343883 7	4096 8 0	512 1 0	0.374 -0.222 0.157
000009 1756390116747376 2.678965 8	4608 9 0	512 1 0	0.624 0.250 0.162
000010 1756390117081666 3.013255 9	5120 10 0	512 1 0	0.582 -0.042 0.155
000011 1756390117416192 3.347781 10	5632 11 0	512 1 0	0.431 -0.151 0.155
000012 1756390117750901 3.682490 11	6144 12 0	512 1 0	0.442 0.011 0.146
000013 1756390118085238 4.016827 12	6656 13 0	512 1 0	0.361 -0.081 0.142
000014 1756390118419684 4.351273 13	7168 14 0	512 1 0	0.505 0.144 0.142
000015 1756390118754198 4.685787 14	7680 15 0	512 1 0	0.311 -0.194 0.145
000016 1756390119278985 5.210574 15	8192 16 1	512 1 1	190.473 190.162 12.021
000017 1756390119479046 5.410635 16	8704 17 2	512 1 1	55.150 -135.323 19.727
000018 1756390119824515 5.756104 17	9216 18 3	512 1 1	66.137 10.987 19.181
000019 1756390120281245 6.212834 18	9728 19 4	512 1 1	188.314 122.177 25.618
000020 1756390120481915 6.413504 19	10240 20 5	512 1 1	54.038 -134.276 32.410
000021 1756390120827532 6.759121 20	10752 21 6	512 1 1	65.101 11.063 31.075
000022 1756390121284176 7.215765 21	11264 22 7	512 1 1	186.283 121.182 36.707
000023 1756390121484923 7.416512 22	11776 23 8	512 1 1	51.055 -135.228 42.865
000024 1756390121831059 7.762648 23	12288 24 9	512 1 1	62.153 11.098 40.879
000025 1756390122287661 8.219250 24	12800 25 10	512 1 1	184.153 122.000 45.949
000026 1756390122487932 8.419521 25	13312 26 11	512 1 1	50.019 -134.134 51.461
000027 1756390122833576 8.765165 26	13824 27 12	512 1 1	60.836 10.817 48.921
000028 1756390123290068 9.221657 27	14336 28 13	512 1 1	182.889 122.053 53.491
000029 1756390123490490 9.422079 28	14848 29 14	512 1 1	48.764 -134.125 58.531
000030 1756390123837342 9.768931 29	15360 30 15	512 1 1	61.409 12.645 55.663
