AbsTime RelTime SeqNumber	AbsBytes AbsPackets AbsFrames	RelBytes RelPackets RelFrames	Delay PrevPacketDelayDiff Jitter
000001 1756390114071042 0.002631 0	512 1 0	512 1 0	1.309 1.309 0.082
000002 1756390114572469 0.504058 1	1024 2 0	512 1 0	1.608 0.299 0.095
000003 1756390115072921 1.004510 2	1536 3 0	512 1 0	1.323 -0.285 0.107
000004 1756390115572112 1.503701 3	2048 4 0	512 1 0	0.213 -1.110 0.170
000005 1756390116073107 2.004696 4	2560 5 0	512 1 0	0.154 -0.059 0.163
000006 1756390116573652 2.505241 5	3072 6 0	512 1 0	0.094 -0.060 0.157
000007 1756390117075809 3.007398 6	3584 7 0	512 1 0	1.343 1.249 0.225
000008 1756390117575731 3.507320 7	4096 8 0	512 1 0	0.601 -0.742 0.257
000009 1756390118079866 4.011455 8	4608 9 0	512 1 0	4.334 3.733 0.474
000010 1756390118577335 4.508924 9	5120 10 0	512 1 0	0.835 -3.499 0.663
000011 1756390119077490 5.009079 10	5632 11 1	512 1 1	0.351 -0.484 0.652
000012 1756390119578518 5.510107 11	6144 12 2	512 1 1	0.565 0.214 0.625
000013 1756390120078990 6.010579 12	6656 13 3	512 1 1	0.071 -0.494 0.617
000014 1756390120580028 6.511617 13	7168 14 4	512 1 1	0.231 0.160 0.588
000015 1756390121080971 7.012560 14	7680 15 5	512 1 1	0.248 0.017 0.552
000016 1756390121583349 7.514938 15	8192 16 6	512 1 1	0.492 0.244 0.533
000017 1756390122084309 8.015898 16	8704 17 7	512 1 1	0.413 -0.079 0.505
000018 1756390122585354 8.516943 17	9216 18 8	512 1 1	0.410 -0.003 0.473
000019 1756390123087039 9.018628 18	9728 19 9	512 1 1	0.268 -0.142 0.453
000020 1756390123589183 9.520772 19	10240 20 10	512 1 1	0.429 0.161 0.434
