AbsTime RelTime SeqNumber	AbsBytes AbsPackets AbsFrames	RelBytes RelPackets RelFrames	Delay PrevPacketDelayDiff Jitter
000001 1756390114312671 0.241695 1	1024 2 0	512 1 0	1.498 -0.291 0.123
000002 1756390114572574 0.501598 2	1536 3 0	512 1 0	10.977 9.479 0.708
000003 1756390114813256 0.742280 3	2048 4 0	512 1 0	1.396 -9.581 1.262
000004 1756390115065695 0.994719 4	2560 5 0	512 1 0	2.782 1.386 1.270
000005 1756390115315019 1.244043 5	3072 6 0	512 1 0	1.512 -1.270 1.270
000006 1756390115573170 1.502194 6	3584 7 0	512 1 0	9.193 7.681 1.671
000007 1756390115815927 1.744951 7	4096 8 0	512 1 0	1.446 -7.747 2.051
000008 1756390116068587 1.997611 8	4608 9 0	512 1 0	3.708 2.262 2.064
000009 1756390116317017 2.246041 9	5120 10 0	512 1 0	1.727 -1.981 2.059
000010 1756390116574679 2.503703 10	5632 11 0	512 1 0	8.764 7.037 2.370
000011 1756390116818314 2.747338 11	6144 12 0	512 1 0	2.020 -6.744 2.643
000012 1756390117071682 3.000706 12	6656 13 0	512 1 0	4.786 2.766 2.651
000013 1756390117319687 3.248711 13	7168 14 0	512 1 0	1.952 -2.834 2.662
000014 1756390117577020 3.506044 14	7680 15 0	512 1 0	8.725 6.773 2.919
000015 1756390117820315 3.749339 15	8192 16 0	512 1 0	1.595 -7.130 3.182
000016 1756390118075352 4.004376 16	8704 17 0	512 1 0	5.530 3.935 3.229
000017 1756390118321767 4.250791 17	9216 18 0	512 1 0	1.726 -3.804 3.265
000018 1756390118578142 4.507166 18	9728 19 0	512 1 0	7.304 5.578 3.410
000019 1756390118822979 4.752003 19	10240 20 0	512 1 0	1.786 -5.518 3.542
000020 1756390119077494 5.006518 20	10752 21 1	512 1 1	5.467 3.681 3.550
000021 1756390119323958 5.252982 21	11264 22 2	512 1 1	1.435 -4.032 3.580
000022 1756390119574216 5.503240 22	11776 23 3	512 1 1	1.264 -0.171 3.367
000023 1756390119824770 5.753794 23	12288 24 4	512 1 1	1.376 0.112 3.164
000024 1756390120077997 6.007021 24	12800 25 5	512 1 1	4.120 2.744 3.138
000025 1756390120326555 6.255579 25	13312 26 6	512 1 1	1.620 -2.500 3.098
000026 1756390120576621 6.505645 26	13824 27 7	512 1 1	1.339 -0.281 2.922
000027 1756390120827482 6.756506 27	14336 28 8	512 1 1	1.606 0.267 2.756
000028 1756390121079280 7.008304 28	14848 29 9	512 1 1	2.342 0.736 2.630
000029 1756390121328582 7.257606 29	15360 30 10	512 1 1	1.249 -1.093 2.534
000030 1756390121579320 7.508344 30	15872 31 11	512 1 1	1.501 0.252 2.391
000031 1756390121830495 7.759519 31	16384 32 12	512 1 1	1.518 0.017 2.243
000032 1756390122081088 8.010112 32	16896 33 13	512 1 1	1.379 -0.139 2.111
000033 1756390122332117 8.261141 33	17408 34 14	512 1 1	1.747 0.368 2.002
000034 1756390122582912 8.511936 34	17920 35 15	512 1 1	1.530 -0.217 1.891
000035 1756390122833520 8.762544 35	18432 36 16	512 1 1	1.590 0.060 1.776
000036 1756390123084527 9.013551 36	18944 37 17	512 1 1	1.512 -0.078 1.670
000037 1756390123335480 9.264504 37	19456 38 18	512 1 1	1.475 -0.037 1.568
000038 1756390123586432 9.515456 38	19968 39 19	512 1 1	1.533 0.058 1.474
000039 1756390123837468 9.766492 39	20480 40 20	512 1 1	1.460 -0.073 1.386
