AbsTime RelTime SeqNumber	AbsBytes AbsPackets AbsFrames	RelBytes RelPackets RelFrames	Delay PrevPacketDelayDiff Jitter
000001 1756391140067490 0.000744 0	1024 1 0	1024 1 0	2.199 2.199 0.137
000002 1756391140166240 0.099494 1	2048 2 0	1024 1 0	0.285 -1.914 0.248
000003 1756391140266728 0.199982 2	3072 3 0	1024 1 0	0.268 -0.017 0.234
000004 1756391140368591 0.301845 3	4096 4 0	1024 1 0	1.104 0.836 0.272
000005 1756391140468441 0.401695 4	5120 5 0	1024 1 0	0.213 -0.891 0.310
000006 1756391140569324 0.502578 5	6144 6 0	1024 1 0	0.445 0.232 0.305
000007 1756391140669505 0.602759 6	7168 7 0	1024 1 0	0.122 -0.323 0.307
000008 1756391140770218 0.703472 7	8192 8 0	1024 1 0	0.495 0.373 0.311
000009 1756391140870603 0.803857 8	9216 9 0	1024 1 0	0.164 -0.331 0.312
000010 1756391140970810 0.904064 9	10240 10 0	1024 1 0	0.012 -0.152 0.302
000011 1756391141071487 1.004741 10	11264 11 0	1024 1 0	0.234 0.222 0.297
000012 1756391141171593 1.104847 11	12288 12 0	1024 1 0	-0.102 -0.336 0.299
000013 1756391141272375 1.205629 12	13312 13 0	1024 1 0	0.131 0.233 0.295
000014 1756391141372678 1.305932 13	14336 14 0	1024 1 0	-0.064 -0.195 0.289
000015 1756391141473745 1.406999 14	15360 15 0	1024 1 0	0.190 0.254 0.287
000016 1756391141574040 1.507294 15	16384 16 0	1024 1 0	0.108 -0.082 0.274
000017 1756391141674550 1.607804 16	17408 17 0	1024 1 0	0.093 -0.015 0.258
000018 1756391141775353 1.708607 17	18432 18 0	1024 1 0	0.587 0.494 0.273
000019 1756391141875521 1.808775 18	19456 19 0	1024 1 0	0.181 -0.406 0.281
000020 1756391141975815 1.909069 19	20480 20 0	1024 1 0	0.124 -0.057 0.267
000021 1756391142075893 2.009147 20	21504 21 0	1024 1 0	-0.106 -0.230 0.265
000022 1756391142176770 2.110024 21	22528 22 0	1024 1 0	-0.054 0.052 0.251
000023 1756391142276960 2.210214 22	23552 23 0	1024 1 0	-0.055 -0.001 0.236
000024 1756391142377414 2.310668 23	24576 24 0	1024 1 0	0.167 0.222 0.235
000025 1756391142477766 2.411020 24	25600 25 0	1024 1 0	0.050 -0.117 0.227
000026 1756391142578291 2.511545 25	26624 26 0	1024 1 0	-0.015 -0.065 0.217
000027 1756391142679031 2.612285 26	27648 27 0	1024 1 0	0.040 0.055 0.207
000028 1756391142779299 2.712553 27	28672 28 0	1024 1 0	0.057 0.017 0.195
000029 1756391142879547 2.812801 28	29696 29 0	1024 1 0	0.073 0.016 0.184
000030 1756391142980277 2.913531 29	30720 30 0	1024 1 0	0.164 0.091 0.178
000031 1756391143080500 3.013754 30	31744 31 0	1024 1 0	0.134 -0.030 0.169
000032 1756391143180987 3.114241 31	32768 32 0	1024 1 0	0.342 0.208 0.171
000033 1756391143281044 3.214298 32	33792 33 0	1024 1 0	0.029 -0.313 0.180
000034 1756391143381650 3.314904 33	34816 34 0	1024 1 0	0.174 0.145 0.178
000035 1756391143482187 3.415441 34	35840 35 0	1024 1 0	0.348 0.174 0.178
000036 1756391143582489 3.515743 35	36864 36 0	1024 1 0	0.259 -0.089 0.172
000037 1756391143682704 3.615958 36	37888 37 0	1024 1 0	0.301 0.042 0.164
000038 1756391143782679 3.715933 37	38912 38 0	1024 1 0	0.024 -0.277 0.171
000039 1756391143884221 3.817475 38	39936 39 0	1024 1 0	0.279 0.255 0.176
000040 1756391143985018 3.918272 39	40960 40 0	1024 1 0	0.417 0.138 0.174
000041 1756391144085226 4.018480 40	41984 41 0	1024 1 0	0.309 -0.108 0.170
000042 1756391144185349 4.118603 41	43008 42 0	1024 1 0	0.163 -0.146 0.168
000043 1756391144285480 4.218734 42	44032 43 0	1024 1 0	0.093 -0.070 0.162
000044 1756391144385790 4.319044 43	45056 44 0	1024 1 0	0.041 -0.052 0.155
000045 1756391144486194 4.419448 44	46080 45 0	1024 1 0	0.031 -0.010 0.146
000046 1756391144587152 4.520406 45	47104 46 0	1024 1 0	0.504 0.473 0.167
000047 1756391144687249 4.620503 46	48128 47 0	1024 1 0	-0.070 -0.574 0.192
000048 1756391144787618 4.720872 47	49152 48 0	1024 1 0	0.044 0.114 0.187
000049 1756391144888100 4.821354 48	50176 49 0	1024 1 0	0.245 0.201 0.188
000050 1756391144988106 4.921360 49	51200 50 0	1024 1 0	-0.029 -0.274 0.193
000051 1756391145088709 5.021963 50	52224 51 1	1024 1 1	0.235 0.264 0.198
000052 1756391145189212 5.122466 51	53248 52 2	1024 1 1	0.301 0.066 0.190
000053 1756391145289120 5.222374 52	54272 53 3	1024 1 1	-0.192 -0.493 0.209
000054 1756391145389467 5.322721 53	55296 54 4	1024 1 1	0.066 0.258 0.212
000055 1756391145489706 5.422960 54	56320 55 5	1024 1 1	-0.094 -0.160 0.208
000056 1756391145590882 5.524136 55	57344 56 6	1024 1 1	0.188 0.282 0.213
000057 1756391145690864 5.624118 56	58368 57 7	1024 1 1	-0.018 -0.206 0.213
000058 1756391145791425 5.724679 57	59392 58 8	1024 1 1	-0.032 -0.014 0.200
000059 1756391145891536 5.824790 58	60416 59 9	1024 1 1	-0.086 -0.054 0.191
000060 1756391145992334 5.925588 59	61440 60 10	1024 1 1	0.184 0.270 0.196
000061 1756391146092415 6.025669 60	62464 61 11	1024 1 1	-0.064 -0.248 0.199
000062 1756391146192903 6.126157 61	63488 62 12	1024 1 1	0.083 0.147 0.196
000063 1756391146293328 6.226582 62	64512 63 13	1024 1 1	0.042 -0.041 0.186
000064 1756391146394097 6.327351 63	65536 64 14	1024 1 1	0.049 0.007 0.175
000065 1756391146494153 6.427407 64	66560 65 15	1024 1 1	-0.098 -0.147 0.173
000066 1756391146595116 6.528370 65	67584 66 16	1024 1 1	-0.102 -0.004 0.163
000067 1756391146695509 6.628763 66	68608 67 17	1024 1 1	0.048 0.150 0.162
000068 1756391146796155 6.729409 67	69632 68 18	1024 1 1	0.474 0.426 0.178
000069 1756391146896064 6.829318 68	70656 69 19	1024 1 1	0.134 -0.340 0.189
000070 1756391146996471 6.929725 69	71680 70 20	1024 1 1	0.166 0.032 0.179
000071 1756391147096714 7.029968 70	72704 71 21	1024 1 1	0.025 -0.141 0.176
000072 1756391147197136 7.130390 71	73728 72 22	1024 1 1	0.197 0.172 0.176
000073 1756391147297559 7.230813 72	74752 73 23	1024 1 1	0.161 -0.036 0.167
000074 1756391147397961 7.331215 73	75776 74 24	1024 1 1	0.250 0.089 0.162
000075 1756391147498468 7.431722 74	76800 75 25	1024 1 1	-0.099 -0.349 0.174
000076 1756391147599137 7.532391 75	77824 76 26	1024 1 1	0.170 0.269 0.180
000077 1756391147699448 7.632702 76	78848 77 27	1024 1 1	0.114 -0.056 0.172
000078 1756391147799874 7.733128 77	79872 78 28	1024 1 1	0.229 0.115 0.169
000079 1756391147900182 7.833436 78	80896 79 29	1024 1 1	0.109 -0.120 0.166
000080 1756391148001022 7.934276 79	81920 80 30	1024 1 1	0.544 0.435 0.183
000081 1756391148101277 8.034531 80	82944 81 31	1024 1 1	0.093 -0.451 0.199
000082 1756391148201864 8.135118 81	83968 82 32	1024 1 1	0.264 0.171 0.198
000083 1756391148302408 8.235662 82	84992 83 33	1024 1 1	0.400 0.136 0.194
000084 1756391148402498 8.335752 83	86016 84 34	1024 1 1	0.020 -0.380 0.205
000085 1756391148503420 8.436674 84	87040 85 35	1024 1 1	0.544 0.524 0.225
000086 1756391148603713 8.536967 85	88064 86 36	1024 1 1	0.601 0.057 0.215
000087 1756391148704425 8.637679 86	89088 87 37	1024 1 1	0.972 0.371 0.224
000088 1756391148804582 8.737836 87	90112 88 38	1024 1 1	0.456 -0.516 0.243
000089 1756391148905118 8.838372 88	91136 89 39	1024 1 1	0.402 -0.054 0.231
000090 1756391149006055 8.939309 89	92160 90 40	1024 1 1	0.347 -0.055 0.220
000091 1756391149106328 9.039582 90	93184 91 41	1024 1 1	0.360 0.013 0.207
000092 1756391149206936 9.140190 91	94208 92 42	1024 1 1	0.592 0.232 0.209
000093 1756391149307305 9.240559 92	95232 93 43	1024 1 1	0.332 -0.260 0.212
000094 1756391149408027 9.341281 93	96256 94 44	1024 1 1	0.547 0.215 0.212
000095 1756391149508267 9.441521 94	97280 95 45	1024 1 1	0.324 -0.223 0.213
000096 1756391149608651 9.541905 95	98304 96 46	1024 1 1	0.314 -0.010 0.200
000097 1756391149709183 9.642437 96	99328 97 47	1024 1 1	0.253 -0.061 0.191
000098 1756391149810479 9.743733 97	100352 98 48	1024 1 1	0.277 0.024 0.181
000099 1756391149911346 9.844600 98	101376 99 49	1024 1 1	0.427 0.150 0.179
000100 1756391150012178 9.945432 99	102400 100 50	1024 1 1	0.316 -0.111 0.175
000101 1756391150113058 10.046312 100	103424 101 51	1024 1 1	0.603 0.287 0.182
000102 1756391150213591 10.146845 101	104448 102 52	1024 1 1	0.604 0.001 0.170
000103 1756391150314125 10.247379 102	105472 103 53	1024 1 1	0.694 0.090 0.165
000104 1756391150414023 10.347277 103	106496 104 54	1024 1 1	0.199 -0.495 0.186
000105 1756391150514729 10.447983 104	107520 105 55	1024 1 1	0.499 0.300 0.193
000106 1756391150615126 10.548380 105	108544 106 56	1024 1 1	0.328 -0.171 0.192
000107 1756391150715760 10.649014 106	109568 107 57	1024 1 1	0.735 0.407 0.205
000108 1756391150816106 10.749360 107	110592 108 58	1024 1 1	0.220 -0.515 0.225
000109 1756391150916777 10.850031 108	111616 109 59	1024 1 1	0.176 -0.044 0.213
000110 1756391151017377 10.950631 109	112640 110 60	1024 1 1	0.225 0.049 0.203
000111 1756391151118456 11.051710 110	113664 111 61	1024 1 1	0.730 0.505 0.222
000112 1756391151218565 11.151819 111	114688 112 62	1024 1 1	0.436 -0.294 0.226
000113 1756391151318944 11.252198 112	115712 113 63	1024 1 1	0.572 0.136 0.221
000114 1756391151419022 11.352276 113	116736 114 64	1024 1 1	0.389 -0.183 0.218
000115 1756391151518955 11.452209 114	117760 115 65	1024 1 1	0.061 -0.328 0.225
000116 1756391151619202 11.552456 115	118784 116 66	1024 1 1	0.075 0.014 0.212
000117 1756391151719704 11.652958 116	119808 117 67	1024 1 1	0.114 0.039 0.201
000118 1756391151820088 11.753342 117	120832 118 68	1024 1 1	0.287 0.173 0.199
000119 1756391151921134 11.854388 118	121856 119 69	1024 1 1	0.163 -0.124 0.195
000120 1756391152021878 11.955132 119	122880 120 70	1024 1 1	0.349 0.186 0.194
000121 1756391152122136 12.055390 120	123904 121 71	1024 1 1	0.007 -0.342 0.203
000122 1756391152222893 12.156147 121	124928 122 72	1024 1 1	0.557 0.550 0.225
000123 1756391152323106 12.256360 122	125952 123 73	1024 1 1	0.327 -0.230 0.225
000124 1756391152425263 12.358517 123	126976 124 74	1024 1 1	0.547 0.220 0.225
000125 1756391152525317 12.458571 124	128000 125 75	1024 1 1	0.130 -0.417 0.237
000126 1756391152625741 12.558995 125	129024 126 76	1024 1 1	0.098 -0.032 0.224
000127 1756391152726205 12.659459 126	130048 127 77	1024 1 1	0.204 0.106 0.217
000128 1756391152826966 12.760220 127	131072 128 78	1024 1 1	0.272 0.068 0.208
000129 1756391152927587 12.860841 128	132096 129 79	1024 1 1	0.197 -0.075 0.199
000130 1756391153028438 12.961692 129	133120 130 80	1024 1 1	0.256 0.059 0.190
000131 1756391153128559 13.061813 130	134144 131 81	1024 1 1	0.090 -0.166 0.189
000132 1756391153228913 13.162167 131	135168 132 82	1024 1 1	0.157 0.067 0.181
000133 1756391153329316 13.262570 132	136192 133 83	1024 1 1	0.288 0.131 0.178
000134 1756391153429933 13.363187 133	137216 134 84	1024 1 1	0.416 0.128 0.175
000135 1756391153530210 13.463464 134	138240 135 85	1024 1 1	0.313 -0.103 0.171
000136 1756391153631086 13.564340 135	139264 136 86	1024 1 1	0.395 0.082 0.165
000137 1756391153731274 13.664528 136	140288 137 87	1024 1 1	0.285 -0.110 0.162
000138 1756391153832144 13.765398 137	141312 138 88	1024 1 1	0.523 0.238 0.166
000139 1756391153935358 13.868612 138	142336 139 89	1024 1 1	3.038 2.515 0.313
000140 1756391154033426 13.966680 139	143360 140 90	1024 1 1	0.104 -2.934 0.477
000141 1756391154134359 14.067613 140	144384 141 91	1024 1 1	0.476 0.372 0.470
000142 1756391154236116 14.169370 141	145408 142 92	1024 1 1	0.771 0.295 0.459
000143 1756391154336618 14.269872 142	146432 143 93	1024 1 1	0.355 -0.416 0.457
000144 1756391154438600 14.371854 143	147456 144 94	1024 1 1	0.720 0.365 0.451
000145 1756391154538306 14.471560 144	148480 145 95	1024 1 1	-0.117 -0.837 0.475
000146 1756391154639124 14.572378 145	149504 146 96	1024 1 1	0.052 0.169 0.456
000147 1756391154739308 14.672562 146	150528 147 97	1024 1 1	-0.051 -0.103 0.434
000148 1756391154839736 14.772990 147	151552 148 98	1024 1 1	0.031 0.082 0.412
000149 1756391154939998 14.873252 148	152576 149 99	1024 1 1	-0.065 -0.096 0.392
000150 1756391155040759 14.974013 149	153600 150 100	1024 1 1	-0.153 -0.088 0.373
000151 1756391155141420 15.074674 150	154624 151 101	1024 1 1	0.102 0.255 0.366
000152 1756391155242070 15.175324 151	155648 152 102	1024 1 1	-0.022 -0.124 0.351
000153 1756391155342587 15.275841 152	156672 153 103	1024 1 1	0.222 0.244 0.344
000154 1756391155442517 15.375771 153	157696 154 104	1024 1 1	-0.192 -0.414 0.348
000155 1756391155543442 15.476696 154	158720 155 105	1024 1 1	0.272 0.464 0.356
000156 1756391155644075 15.577329 155	159744 156 106	1024 1 1	0.417 0.145 0.342
000157 1756391155744634 15.677888 156	160768 157 107	1024 1 1	0.565 0.148 0.330
000158 1756391155844709 15.777963 157	161792 158 108	1024 1 1	0.365 -0.200 0.322
000159 1756391155946148 15.879402 158	162816 159 109	1024 1 1	1.104 0.739 0.348
000160 1756391156045966 15.979220 159	163840 160 110	1024 1 1	0.538 -0.566 0.362
000161 1756391156146061 16.079315 160	164864 161 111	1024 1 1	0.184 -0.354 0.361
000162 1756391156247259 16.180513 161	165888 162 112	1024 1 1	0.728 0.544 0.373
000163 1756391156347316 16.280570 162	166912 163 113	1024 1 1	0.404 -0.324 0.370
000164 1756391156447499 16.380753 163	167936 164 114	1024 1 1	0.181 -0.223 0.361
000165 1756391156549421 16.482675 164	168960 165 115	1024 1 1	1.407 1.226 0.415
000166 1756391156649284 16.582538 165	169984 166 116	1024 1 1	0.938 -0.469 0.418
000167 1756391156749632 16.682886 166	171008 167 117	1024 1 1	0.637 -0.301 0.411
000168 1756391156849686 16.782940 167	172032 168 118	1024 1 1	0.466 -0.171 0.396
000169 1756391156950076 16.883330 168	173056 169 119	1024 1 1	0.528 0.062 0.375
000170 1756391157051489 16.984743 169	174080 170 120	1024 1 1	0.582 0.054 0.355
000171 1756391157151559 17.084813 170	175104 171 121	1024 1 1	0.422 -0.160 0.343
000172 1756391157253217 17.186471 171	176128 172 122	1024 1 1	0.856 0.434 0.348
000173 1756391157353508 17.286762 172	177152 173 123	1024 1 1	0.582 -0.274 0.344
000174 1756391157454176 17.387430 173	178176 174 124	1024 1 1	0.907 0.325 0.343
000175 1756391157555267 17.488521 174	179200 175 125	1024 1 1	0.429 -0.478 0.351
000176 1756391157656521 17.589775 175	180224 176 126	1024 1 1	0.615 0.186 0.341
000177 1756391157757278 17.690532 176	181248 177 127	1024 1 1	0.319 -0.296 0.338
000178 1756391157858083 17.791337 177	182272 178 128	1024 1 1	0.842 0.523 0.349
000179 1756391157957852 17.891106 178	183296 179 129	1024 1 1	0.267 -0.575 0.364
000180 1756391158058504 17.991758 179	184320 180 130	1024 1 1	0.474 0.207 0.354
000181 1756391158158993 18.092247 180	185344 181 131	1024 1 1	0.119 -0.355 0.354
000182 1756391158260769 18.194023 181	186368 182 132	1024 1 1	1.159 1.040 0.397
000183 1756391158359992 18.293246 182	187392 183 133	1024 1 1	0.060 -1.099 0.441
000184 1756391158460867 18.394121 183	188416 184 134	1024 1 1	0.225 0.165 0.423
000185 1756391158561938 18.495192 184	189440 185 135	1024 1 1	0.413 0.188 0.409
000186 1756391158662158 18.595412 185	190464 186 136	1024 1 1	0.009 -0.404 0.408
000187 1756391158762695 18.695949 186	191488 187 137	1024 1 1	0.404 0.395 0.408
000188 1756391158863060 18.796314 187	192512 188 138	1024 1 1	0.168 -0.236 0.397
000189 1756391158964154 18.897408 188	193536 189 139	1024 1 1	0.246 0.078 0.377
000190 1756391159064999 18.998253 189	194560 190 140	1024 1 1	0.044 -0.202 0.366
000191 1756391159164987 19.098241 190	195584 191 141	1024 1 1	-0.250 -0.294 0.361
000192 1756391159266283 19.199537 191	196608 192 142	1024 1 1	0.176 0.426 0.366
000193 1756391159367209 19.300463 192	197632 193 143	1024 1 1	0.058 -0.118 0.350
000194 1756391159467505 19.400759 193	198656 194 144	1024 1 1	-0.020 -0.078 0.333
000195 1756391159568673 19.501927 194	199680 195 145	1024 1 1	0.442 0.462 0.341
000196 1756391159668953 19.602207 195	200704 196 146	1024 1 1	0.477 0.035 0.322
000197 1756391159769593 19.702847 196	201728 197 147	1024 1 1	0.739 0.262 0.318
000198 1756391159869943 19.803197 197	202752 198 148	1024 1 1	0.415 -0.324 0.319
000199 1756391159970749 19.904003 198	203776 199 149	1024 1 1	0.307 -0.108 0.305
000200 1756391160071319 20.004573 199	204800 200 150	1024 1 1	0.194 -0.113 0.293
000201 1756391160172064 20.105318 200	205824 201 151	1024 1 1	0.194 0.000 0.275
000202 1756391160272977 20.206231 201	206848 202 152	1024 1 1	0.785 0.591 0.295
000203 1756391160373470 20.306724 202	207872 203 153	1024 1 1	0.636 -0.149 0.286
000204 1756391160473089 20.406343 203	208896 204 154	1024 1 1	0.011 -0.625 0.307
000205 1756391160574038 20.507292 204	209920 205 155	1024 1 1	0.672 0.661 0.329
000206 1756391160673800 20.607054 205	210944 206 156	1024 1 1	0.155 -0.517 0.341
000207 1756391160774996 20.708250 206	211968 207 157	1024 1 1	0.477 0.322 0.340
000208 1756391160875464 20.808718 207	212992 208 158	1024 1 1	-0.064 -0.541 0.352
000209 1756391160976372 20.909626 208	214016 209 159	1024 1 1	0.212 0.276 0.347
000210 1756391161077927 21.011181 209	215040 210 160	1024 1 1	0.894 0.682 0.368
000211 1756391161177669 21.110923 210	216064 211 161	1024 1 1	0.185 -0.709 0.390
000212 1756391161278124 21.211378 211	217088 212 162	1024 1 1	0.188 0.003 0.365
000213 1756391161378688 21.311942 212	218112 213 163	1024 1 1	0.383 0.195 0.355
000214 1756391161479583 21.412837 213	219136 214 164	1024 1 1	0.058 -0.325 0.353
000215 1756391161581213 21.514467 214	220160 215 165	1024 1 1	0.915 0.857 0.384
000216 1756391161681051 21.614305 215	221184 216 166	1024 1 1	0.009 -0.906 0.417
000217 1756391161782192 21.715446 216	222208 217 167	1024 1 1	0.182 0.173 0.402
000218 1756391161882425 21.815679 217	223232 218 168	1024 1 1	0.185 0.003 0.377
000219 1756391161982938 21.916192 218	224256 219 169	1024 1 1	0.071 -0.114 0.360
000220 1756391162083268 22.016522 219	225280 220 170	1024 1 1	0.119 0.048 0.341
000221 1756391162183376 22.116630 220	226304 221 171	1024 1 1	0.067 -0.052 0.323
000222 1756391162284311 22.217565 221	227328 222 172	1024 1 1	0.013 -0.054 0.306
000223 1756391162384792 22.318046 222	228352 223 173	1024 1 1	0.224 0.211 0.300
000224 1756391162485508 22.418762 223	229376 224 174	1024 1 1	-0.159 -0.383 0.305
000225 1756391162586924 22.520178 224	230400 225 175	1024 1 1	0.798 0.957 0.346
000226 1756391162687135 22.620389 225	231424 226 176	1024 1 1	0.319 -0.479 0.354
000227 1756391162787172 22.720426 226	232448 227 177	1024 1 1	0.009 -0.310 0.352
000228 1756391162887195 22.820449 227	233472 228 178	1024 1 1	-0.286 -0.295 0.348
000229 1756391162987835 22.921089 228	234496 229 179	1024 1 1	-0.225 0.061 0.330
000230 1756391163088391 23.021645 229	235520 230 180	1024 1 1	-0.029 0.196 0.322
000231 1756391163188497 23.121751 230	236544 231 181	1024 1 1	-0.114 -0.085 0.307
000232 1756391163288877 23.222131 231	237568 232 182	1024 1 1	0.099 0.213 0.301
000233 1756391163389466 23.322720 232	238592 233 183	1024 1 1	0.180 0.081 0.287
000234 1756391163489723 23.422977 233	239616 234 184	1024 1 1	0.150 -0.030 0.271
000235 1756391163590581 23.523835 234	240640 235 185	1024 1 1	0.162 0.012 0.255
000236 1756391163691709 23.624963 235	241664 236 186	1024 1 1	0.248 0.086 0.244
000237 1756391163792847 23.726101 236	242688 237 187	1024 1 1	0.286 0.038 0.232
000238 1756391163893230 23.826484 237	243712 238 188	1024 1 1	0.215 -0.071 0.222
000239 1756391163994174 23.927428 238	244736 239 189	1024 1 1	0.259 0.044 0.210
000240 1756391164094730 24.027984 239	245760 240 190	1024 1 1	0.504 0.245 0.213
000241 1756391164195348 24.128602 240	246784 241 191	1024 1 1	0.463 -0.041 0.202
000242 1756391164296623 24.229877 241	247808 242 192	1024 1 1	0.492 0.029 0.191
000243 1756391164396523 24.329777 242	248832 243 193	1024 1 1	0.172 -0.320 0.199
000244 1756391164497612 24.430866 243	249856 244 194	1024 1 1	0.353 0.181 0.198
000245 1756391164598862 24.532116 244	250880 245 195	1024 1 1	0.870 0.517 0.218
000246 1756391164698776 24.632030 245	251904 246 196	1024 1 1	0.220 -0.650 0.245
000247 1756391164799238 24.732492 246	252928 247 197	1024 1 1	0.067 -0.153 0.239
000248 1756391164900475 24.833729 247	253952 248 198	1024 1 1	0.212 0.145 0.233
000249 1756391165001321 24.934575 248	254976 249 199	1024 1 1	0.357 0.145 0.228
000250 1756391165101325 25.034579 249	256000 250 200	1024 1 1	0.023 -0.334 0.234
000251 1756391165202161 25.135415 250	257024 251 201	1024 1 1	0.184 0.161 0.230
000252 1756391165302406 25.235660 251	258048 252 202	1024 1 1	0.193 0.009 0.216
000253 1756391165403313 25.336567 252	259072 253 203	1024 1 1	0.551 0.358 0.225
000254 1756391165503314 25.436568 253	260096 254 204	1024 1 1	0.232 -0.319 0.231
000255 1756391165604359 25.537613 254	261120 255 205	1024 1 1	0.433 0.201 0.229
000256 1756391165704902 25.638156 255	262144 256 206	1024 1 1	0.263 -0.170 0.225
000257 1756391165806231 25.739485 256	263168 257 207	1024 1 1	0.463 0.200 0.224
000258 1756391165907717 25.840971 257	264192 258 208	1024 1 1	0.151 -0.312 0.229
000259 1756391166008536 25.941790 258	265216 259 209	1024 1 1	0.482 0.331 0.236
000260 1756391166109006 26.042260 259	266240 260 210	1024 1 1	0.131 -0.351 0.243
000261 1756391166211493 26.144747 260	267264 261 211	1024 1 1	1.288 1.157 0.300
000262 1756391166311538 26.244792 261	268288 262 212	1024 1 1	0.355 -0.933 0.339
000263 1756391166412336 26.345590 262	269312 263 213	1024 1 1	0.561 0.206 0.331
000264 1756391166512907 26.446161 263	270336 264 214	1024 1 1	0.436 -0.125 0.318
000265 1756391166613069 26.546323 264	271360 265 215	1024 1 1	0.205 -0.231 0.313
000266 1756391166713735 26.646989 265	272384 266 216	1024 1 1	0.310 0.105 0.300
000267 1756391166814319 26.747573 266	273408 267 217	1024 1 1	0.417 0.107 0.288
000268 1756391166915082 26.848336 267	274432 268 218	1024 1 1	0.736 0.319 0.290
000269 1756391167015079 26.948333 268	275456 269 219	1024 1 1	0.174 -0.562 0.307
000270 1756391167115882 27.049136 269	276480 270 220	1024 1 1	0.078 -0.096 0.294
000271 1756391167216219 27.149473 270	277504 271 221	1024 1 1	0.128 0.050 0.278
000272 1756391167316978 27.250232 271	278528 272 222	1024 1 1	0.242 0.114 0.268
000273 1756391167417140 27.350394 272	279552 273 223	1024 1 1	0.040 -0.202 0.264
000274 1756391167518183 27.451437 273	280576 274 224	1024 1 1	0.024 -0.016 0.248
000275 1756391167619219 27.552473 274	281600 275 225	1024 1 1	-0.011 -0.035 0.235
000276 1756391167719978 27.653232 275	282624 276 226	1024 1 1	0.087 0.098 0.227
000277 1756391167820947 27.754201 276	283648 277 227	1024 1 1	0.270 0.183 0.224
000278 1756391167922115 27.855369 277	284672 278 228	1024 1 1	0.230 -0.040 0.212
000279 1756391168022436 27.955690 278	285696 279 229	1024 1 1	0.252 0.022 0.200
000280 1756391168123534 28.056788 279	286720 280 230	1024 1 1	0.944 0.692 0.231
000281 1756391168223399 28.156653 280	287744 281 231	1024 1 1	0.071 -0.873 0.271
000282 1756391168324228 28.257482 281	288768 282 232	1024 1 1	0.195 0.124 0.262
000283 1756391168424749 28.358003 282	289792 283 233	1024 1 1	0.265 0.070 0.250
000284 1756391168525319 28.458573 283	290816 284 234	1024 1 1	0.168 -0.097 0.240
000285 1756391168626727 28.559981 284	291840 285 235	1024 1 1	0.301 0.133 0.234
000286 1756391168727225 28.660479 285	292864 286 236	1024 1 1	0.186 -0.115 0.226
000287 1756391168827524 28.760778 286	293888 287 237	1024 1 1	0.166 -0.020 0.213
000288 1756391168928338 28.861592 287	294912 288 238	1024 1 1	0.402 0.236 0.215
000289 1756391169028529 28.961783 288	295936 289 239	1024 1 1	0.291 -0.111 0.208
000290 1756391169129673 29.062927 289	296960 290 240	1024 1 1	0.255 -0.036 0.198
000291 1756391169230237 29.163491 290	297984 291 241	1024 1 1	0.110 -0.145 0.194
000292 1756391169331186 29.264440 291	299008 292 242	1024 1 1	0.414 0.304 0.201
000293 1756391169433036 29.366290 292	300032 293 243	1024 1 1	0.151 -0.263 0.205
000294 1756391169534101 29.467355 293	301056 294 244	1024 1 1	0.274 0.123 0.200
000295 1756391169634871 29.568125 294	302080 295 245	1024 1 1	0.435 0.161 0.197
000296 1756391169735261 29.668515 295	303104 296 246	1024 1 1	0.079 -0.356 0.207
000297 1756391169835964 29.769218 296	304128 297 247	1024 1 1	0.266 0.187 0.206
000298 1756391169936993 29.870247 297	305152 298 248	1024 1 1	0.076 -0.190 0.205
000299 1756391170038141 29.971395 298	306176 299 249	1024 1 1	0.285 0.209 0.205
000300 1756391170138431 30.071685 299	307200 300 250	1024 1 1	0.308 0.023 0.194
000301 1756391170238377 30.171631 300	308224 301 251	1024 1 1	0.033 -0.275 0.199
000302 1756391170338586 30.271840 301	309248 302 252	1024 1 1	-0.036 -0.069 0.191
000303 1756391170439005 30.372259 302	310272 303 253	1024 1 1	0.063 0.099 0.185
000304 1756391170539557 30.472811 303	311296 304 254	1024 1 1	0.127 0.064 0.178
000305 1756391170640189 30.573443 304	312320 305 255	1024 1 1	0.353 0.226 0.181
000306 1756391170741084 30.674338 305	313344 306 256	1024 1 1	0.448 0.095 0.175
000307 1756391170841252 30.774506 306	314368 307 257	1024 1 1	0.074 -0.374 0.188
000308 1756391170941574 30.874828 307	315392 308 258	1024 1 1	0.090 0.016 0.177
000309 1756391171042711 30.975965 308	316416 309 259	1024 1 1	0.102 0.012 0.167
000310 1756391171143272 31.076526 309	317440 310 260	1024 1 1	0.071 -0.031 0.158
000311 1756391171243751 31.177005 310	318464 311 261	1024 1 1	0.160 0.089 0.154
000312 1756391171343956 31.277210 311	319488 312 262	1024 1 1	-0.057 -0.217 0.158
000313 1756391171444343 31.377597 312	320512 313 263	1024 1 1	-0.140 -0.083 0.153
000314 1756391171544869 31.478123 313	321536 314 264	1024 1 1	-0.004 0.136 0.152
000315 1756391171645048 31.578302 314	322560 315 265	1024 1 1	-0.077 -0.073 0.147
000316 1756391171745458 31.678712 315	323584 316 266	1024 1 1	0.011 0.088 0.143
000317 1756391171845908 31.779162 316	324608 317 267	1024 1 1	0.280 0.269 0.151
000318 1756391171945923 31.879177 317	325632 318 268	1024 1 1	0.101 -0.179 0.153
000319 1756391172046225 31.979479 318	326656 319 269	1024 1 1	0.111 0.010 0.144
000320 1756391172147191 32.080445 319	327680 320 270	1024 1 1	0.592 0.481 0.165
000321 1756391172247805 32.181059 320	328704 321 271	1024 1 1	0.432 -0.160 0.165
000322 1756391172348031 32.281285 321	329728 322 272	1024 1 1	0.203 -0.229 0.169
000323 1756391172448596 32.381850 322	330752 323 273	1024 1 1	0.004 -0.199 0.171
000324 1756391172549336 32.482590 323	331776 324 274	1024 1 1	0.362 0.358 0.182
000325 1756391172649743 32.582997 324	332800 325 275	1024 1 1	0.308 -0.054 0.174
000326 1756391172751743 32.684997 325	333824 326 276	1024 1 1	1.630 1.322 0.246
000327 1756391172851247 32.784501 326	334848 327 277	1024 1 1	0.362 -1.268 0.310
000328 1756391172951957 32.885211 327	335872 328 278	1024 1 1	0.111 -0.251 0.306
000329 1756391173053366 32.986620 328	336896 329 279	1024 1 1	0.416 0.305 0.306
000330 1756391173153689 33.086943 329	337920 330 280	1024 1 1	0.429 0.013 0.288
000331 1756391173253749 33.187003 330	338944 331 281	1024 1 1	0.133 -0.296 0.288
000332 1756391173354711 33.287965 331	339968 332 282	1024 1 1	0.112 -0.021 0.272
000333 1756391173455310 33.388564 332	340992 333 283	1024 1 1	0.115 0.003 0.255
000334 1756391173555707 33.488961 333	342016 334 284	1024 1 1	0.269 0.154 0.249
000335 1756391173657528 33.590782 334	343040 335 285	1024 1 1	0.367 0.098 0.239
000336 1756391173758038 33.691292 335	344064 336 286	1024 1 1	0.438 0.071 0.229
000337 1756391173858529 33.791783 336	345088 337 287	1024 1 1	0.290 -0.148 0.224
000338 1756391173960331 33.893585 337	346112 338 288	1024 1 1	0.819 0.529 0.243
000339 1756391174061501 33.994755 338	347136 339 289	1024 1 1	1.200 0.381 0.251
000340 1756391174161196 34.094450 339	348160 340 290	1024 1 1	0.219 -0.981 0.297
000341 1756391174261433 34.194687 340	349184 341 291	1024 1 1	0.192 -0.027 0.280
000342 1756391174361561 34.294815 341	350208 342 292	1024 1 1	0.115 -0.077 0.267
000343 1756391174462184 34.395438 342	351232 343 293	1024 1 1	0.372 0.257 0.267
000344 1756391174562780 34.496034 343	352256 344 294	1024 1 1	0.256 -0.116 0.257
000345 1756391174663327 34.596581 344	353280 345 295	1024 1 1	0.242 -0.014 0.242
000346 1756391174763873 34.697127 345	354304 346 296	1024 1 1	0.444 0.202 0.240
000347 1756391174864235 34.797489 346	355328 347 297	1024 1 1	0.191 -0.253 0.240
000348 1756391174964843 34.898097 347	356352 348 298	1024 1 1	0.494 0.303 0.244
000349 1756391175065093 34.998347 348	357376 349 299	1024 1 1	0.455 -0.039 0.232
000350 1756391175165998 35.099252 349	358400 350 300	1024 1 1	0.173 -0.282 0.235
000351 1756391175266504 35.199758 350	359424 351 301	1024 1 1	0.162 -0.011 0.221
000352 1756391175367350 35.300604 351	360448 352 302	1024 1 1	0.174 0.012 0.208
000353 1756391175467284 35.400538 352	361472 353 303	1024 1 1	-0.026 -0.200 0.207
000354 1756391175568303 35.501557 353	362496 354 304	1024 1 1	0.108 0.134 0.203
000355 1756391175668425 35.601679 354	363520 355 305	1024 1 1	0.059 -0.049 0.193
000356 1756391175768792 35.702046 355	364544 356 306	1024 1 1	-0.178 -0.237 0.196
000357 1756391175870608 35.803862 356	365568 357 307	1024 1 1	-0.052 0.126 0.191
000358 1756391175970674 35.903928 357	366592 358 308	1024 1 1	-0.172 -0.120 0.187
000359 1756391176071309 36.004563 358	367616 359 309	1024 1 1	-0.024 0.148 0.184
000360 1756391176171802 36.105056 359	368640 360 310	1024 1 1	-0.041 -0.017 0.174
000361 1756391176272534 36.205788 360	369664 361 311	1024 1 1	0.074 0.115 0.170
000362 1756391176372998 36.306252 361	370688 362 312	1024 1 1	0.127 0.053 0.163
000363 1756391176474098 36.407352 362	371712 363 313	1024 1 1	0.140 0.013 0.154
000364 1756391176574216 36.507470 363	372736 364 314	1024 1 1	-0.059 -0.199 0.156
000365 1756391176674859 36.608113 364	373760 365 315	1024 1 1	0.245 0.304 0.166
000366 1756391176775419 36.708673 365	374784 366 316	1024 1 1	0.102 -0.143 0.164
000367 1756391176876433 36.809687 366	375808 367 317	1024 1 1	0.428 0.326 0.174
000368 1756391176977072 36.910326 367	376832 368 318	1024 1 1	0.381 -0.047 0.166
000369 1756391177077583 37.010837 368	377856 369 319	1024 1 1	0.505 0.124 0.164
000370 1756391177178128 37.111382 369	378880 370 320	1024 1 1	0.452 -0.053 0.157
000371 1756391177279285 37.212539 370	379904 371 321	1024 1 1	0.566 0.114 0.154
000372 1756391177380160 37.313414 371	380928 372 322	1024 1 1	0.495 -0.071 0.149
000373 1756391177480890 37.414144 372	381952 373 323	1024 1 1	0.367 -0.128 0.148
000374 1756391177581042 37.514296 373	382976 374 324	1024 1 1	0.163 -0.204 0.151
000375 1756391177681568 37.614822 374	384000 375 325	1024 1 1	0.340 0.177 0.153
000376 1756391177782163 37.715417 375	385024 376 326	1024 1 1	0.298 -0.042 0.146
000377 1756391177882584 37.815838 376	386048 377 327	1024 1 1	0.148 -0.150 0.146
000378 1756391177983332 37.916586 377	387072 378 328	1024 1 1	0.095 -0.053 0.140
000379 1756391178084351 38.017605 378	388096 379 329	1024 1 1	0.489 0.394 0.156
000380 1756391178184258 38.117512 379	389120 380 330	1024 1 1	0.135 -0.354 0.169
000381 1756391178285076 38.218330 380	390144 381 331	1024 1 1	0.242 0.107 0.165
000382 1756391178386169 38.319423 381	391168 382 332	1024 1 1	0.241 -0.001 0.154
000383 1756391178487617 38.420871 382	392192 383 333	1024 1 1	0.089 -0.152 0.154
000384 1756391178587703 38.520957 383	393216 384 334	1024 1 1	-0.168 -0.257 0.161
000385 1756391178688136 38.621390 384	394240 385 335	1024 1 1	0.027 0.195 0.163
000386 1756391178788770 38.722024 385	395264 386 336	1024 1 1	0.108 0.081 0.158
000387 1756391178889055 38.822309 386	396288 387 337	1024 1 1	0.088 -0.020 0.149
000388 1756391178989818 38.923072 387	397312 388 338	1024 1 1	0.152 0.064 0.144
000389 1756391179090726 39.023980 388	398336 389 339	1024 1 1	0.027 -0.125 0.143
000390 1756391179191762 39.125016 389	399360 390 340	1024 1 1	0.128 0.101 0.140
000391 1756391179292369 39.225623 390	400384 391 341	1024 1 1	-0.058 -0.186 0.143
000392 1756391179393184 39.326438 391	401408 392 342	1024 1 1	0.092 0.150 0.143
000393 1756391179494858 39.428112 392	402432 393 343	1024 1 1	0.011 -0.081 0.139
000394 1756391179595464 39.528718 393	403456 394 344	1024 1 1	0.138 0.127 0.139
000395 1756391179695970 39.629224 394	404480 395 345	1024 1 1	0.253 0.115 0.137
000396 1756391179798013 39.731267 395	405504 396 346	1024 1 1	0.223 -0.030 0.130
000397 1756391179898196 39.831450 396	406528 397 347	1024 1 1	0.124 -0.099 0.129
000398 1756391179998290 39.931544 397	407552 398 348	1024 1 1	-0.006 -0.130 0.129
000399 1756391180099088 40.032342 398	408576 399 349	1024 1 1	0.204 0.210 0.134
000400 1756391180199201 40.132455 399	409600 400 350	1024 1 1	-0.005 -0.209 0.138
000401 1756391180301062 40.234316 400	410624 401 351	1024 1 1	0.429 0.434 0.157
000402 1756391180401589 40.334843 401	411648 402 352	1024 1 1	0.421 -0.008 0.148
000403 1756391180502361 40.435615 402	412672 403 353	1024 1 1	0.358 -0.063 0.142
000404 1756391180603288 40.536542 403	413696 404 354	1024 1 1	0.292 -0.066 0.138
000405 1756391180704102 40.637356 404	414720 405 355	1024 1 1	0.271 -0.021 0.130
000406 1756391180805079 40.738333 405	415744 406 356	1024 1 1	0.392 0.121 0.130
000407 1756391180905538 40.838792 406	416768 407 357	1024 1 1	0.417 0.025 0.123
000408 1756391181006317 40.939571 407	417792 408 358	1024 1 1	0.517 0.100 0.122
000409 1756391181106167 41.039421 408	418816 409 359	1024 1 1	0.035 -0.482 0.144
000410 1756391181206994 41.140248 409	419840 410 360	1024 1 1	0.507 0.472 0.165
000411 1756391181307616 41.240870 410	420864 411 361	1024 1 1	0.391 -0.116 0.162
000412 1756391181408294 41.341548 411	421888 412 362	1024 1 1	0.242 -0.149 0.161
000413 1756391181509942 41.443196 412	422912 413 363	1024 1 1	0.567 0.325 0.171
000414 1756391181610350 41.543604 413	423936 414 364	1024 1 1	0.603 0.036 0.163
000415 1756391181710551 41.643805 414	424960 415 365	1024 1 1	0.143 -0.460 0.181
000416 1756391181810861 41.744115 415	425984 416 366	1024 1 1	0.090 -0.053 0.173
000417 1756391181911199 41.844453 416	427008 417 367	1024 1 1	0.064 -0.026 0.164
000418 1756391182011859 41.945113 417	428032 418 368	1024 1 1	0.357 0.293 0.172
000419 1756391182112121 42.045375 418	429056 419 369	1024 1 1	0.206 -0.151 0.171
000420 1756391182212470 42.145724 419	430080 420 370	1024 1 1	0.268 0.062 0.164
000421 1756391182312725 42.245979 420	431104 421 371	1024 1 1	0.190 -0.078 0.159
000422 1756391182414184 42.347438 421	432128 422 372	1024 1 1	0.425 0.235 0.163
000423 1756391182514754 42.448008 422	433152 423 373	1024 1 1	0.112 -0.313 0.173
000424 1756391182615124 42.548378 423	434176 424 374	1024 1 1	-0.018 -0.130 0.170
000425 1756391182716326 42.649580 424	435200 425 375	1024 1 1	0.211 0.229 0.174
000426 1756391182817155 42.750409 425	436224 426 376	1024 1 1	0.319 0.108 0.170
000427 1756391182918009 42.851263 426	437248 427 377	1024 1 1	0.230 -0.089 0.165
000428 1756391183018847 42.952101 427	438272 428 378	1024 1 1	0.150 -0.080 0.159
000429 1756391183119153 43.052407 428	439296 429 379	1024 1 1	0.207 0.057 0.153
000430 1756391183219363 43.152617 429	440320 430 380	1024 1 1	0.088 -0.119 0.151
000431 1756391183320055 43.253309 430	441344 431 381	1024 1 1	0.169 0.081 0.146
000432 1756391183420236 43.353490 431	442368 432 382	1024 1 1	0.033 -0.136 0.146
000433 1756391183520529 43.453783 432	443392 433 383	1024 1 1	-0.001 -0.034 0.139
000434 1756391183620922 43.554176 433	444416 434 384	1024 1 1	0.072 0.073 0.135
000435 1756391183721644 43.654898 434	445440 435 385	1024 1 1	0.122 0.050 0.129
000436 1756391183822029 43.755283 435	446464 436 386	1024 1 1	-0.021 -0.143 0.130
000437 1756391183923107 43.856361 436	447488 437 387	1024 1 1	0.228 0.249 0.138
000438 1756391184023299 43.956553 437	448512 438 388	1024 1 1	-0.102 -0.330 0.150
000439 1756391184123964 44.057218 438	449536 439 389	1024 1 1	-0.062 0.040 0.143
000440 1756391184224025 44.157279 439	450560 440 390	1024 1 1	-0.132 -0.070 0.138
000441 1756391184325006 44.258260 440	451584 441 391	1024 1 1	0.313 0.445 0.157
000442 1756391184426331 44.359585 441	452608 442 392	1024 1 1	0.458 0.145 0.157
000443 1756391184527255 44.460509 442	453632 443 393	1024 1 1	0.628 0.170 0.158
000444 1756391184627208 44.560462 443	454656 444 394	1024 1 1	0.233 -0.395 0.172
000445 1756391184727714 44.660968 444	455680 445 395	1024 1 1	0.137 -0.096 0.168
000446 1756391184828255 44.761509 445	456704 446 396	1024 1 1	0.466 0.329 0.178
000447 1756391184928979 44.862233 446	457728 447 397	1024 1 1	0.785 0.319 0.186
000448 1756391185029858 44.963112 447	458752 448 398	1024 1 1	0.334 -0.451 0.203
000449 1756391185130491 45.063745 448	459776 449 399	1024 1 1	0.732 0.398 0.215
000450 1756391185230913 45.164167 449	460800 450 400	1024 1 1	0.554 -0.178 0.213
000451 1756391185331208 45.264462 450	461824 451 401	1024 1 1	0.427 -0.127 0.208
000452 1756391185432911 45.366165 451	462848 452 402	1024 1 1	1.022 0.595 0.232
000453 1756391185533032 45.466286 452	463872 453 403	1024 1 1	0.598 -0.424 0.244
000454 1756391185634450 45.567704 453	464896 454 404	1024 1 1	0.972 0.374 0.252
000455 1756391185734245 45.667499 454	465920 455 405	1024 1 1	0.341 -0.631 0.276
000456 1756391185835274 45.768528 455	466944 456 406	1024 1 1	0.393 0.052 0.262
000457 1756391185935505 45.868759 456	467968 457 407	1024 1 1	0.280 -0.113 0.252
000458 1756391186036545 45.969799 457	468992 458 408	1024 1 1	0.313 0.033 0.239
000459 1756391186138184 46.071438 458	470016 459 409	1024 1 1	0.776 0.463 0.253
000460 1756391186238091 46.171345 459	471040 460 410	1024 1 1	0.208 -0.568 0.272
000461 1756391186338715 46.271969 460	472064 461 411	1024 1 1	0.463 0.255 0.271
000462 1756391186439336 46.372590 461	473088 462 412	1024 1 1	0.390 -0.073 0.259
000463 1756391186540888 46.474142 462	474112 463 413	1024 1 1	0.744 0.354 0.265
000464 1756391186642112 46.575366 463	475136 464 414	1024 1 1	0.823 0.079 0.253
000465 1756391186742487 46.675741 464	476160 465 415	1024 1 1	0.550 -0.273 0.254
000466 1756391186842960 46.776214 465	477184 466 416	1024 1 1	0.394 -0.156 0.248
000467 1756391186943192 46.876446 466	478208 467 417	1024 1 1	0.357 -0.037 0.235
000468 1756391187044105 46.977359 467	479232 468 418	1024 1 1	0.251 -0.106 0.227
000469 1756391187144558 47.077812 468	480256 469 419	1024 1 1	0.467 0.216 0.226
000470 1756391187246379 47.179633 469	481280 470 420	1024 1 1	0.505 0.038 0.215
000471 1756391187346923 47.280177 470	482304 471 421	1024 1 1	0.622 0.117 0.208
000472 1756391187447552 47.380806 471	483328 472 422	1024 1 1	0.656 0.034 0.198
000473 1756391187548401 47.481655 472	484352 473 423	1024 1 1	0.970 0.314 0.205
000474 1756391187648458 47.581712 473	485376 474 424	1024 1 1	0.425 -0.545 0.226
000475 1756391187749723 47.682977 474	486400 475 425	1024 1 1	0.816 0.391 0.236
000476 1756391187850450 47.783704 475	487424 476 426	1024 1 1	0.785 -0.031 0.224
000477 1756391187950233 47.883487 476	488448 477 427	1024 1 1	0.140 -0.645 0.250
000478 1756391188050617 47.983871 477	489472 478 428	1024 1 1	0.201 0.061 0.238
000479 1756391188150882 48.084136 478	490496 479 429	1024 1 1	0.038 -0.163 0.233
000480 1756391188252002 48.185256 479	491520 480 430	1024 1 1	0.389 0.351 0.241
000481 1756391188352091 48.285345 480	492544 481 431	1024 1 1	0.240 -0.149 0.235
000482 1756391188452445 48.385699 481	493568 482 432	1024 1 1	-0.107 -0.347 0.242
000483 1756391188552998 48.486252 482	494592 483 433	1024 1 1	0.122 0.229 0.241
000484 1756391188654003 48.587257 483	495616 484 434	1024 1 1	0.490 0.368 0.249
000485 1756391188755280 48.688534 484	496640 485 435	1024 1 1	0.484 -0.006 0.234
000486 1756391188855510 48.788764 485	497664 486 436	1024 1 1	0.066 -0.418 0.245
000487 1756391188955619 48.888873 486	498688 487 437	1024 1 1	-0.059 -0.125 0.238
000488 1756391189057174 48.990428 487	499712 488 438	1024 1 1	0.574 0.633 0.263
000489 1756391189157458 49.090712 488	500736 489 439	1024 1 1	0.024 -0.550 0.281
000490 1756391189259234 49.192488 489	501760 490 440	1024 1 1	0.599 0.575 0.299
000491 1756391189360330 49.293584 490	502784 491 441	1024 1 1	0.315 -0.284 0.298
000492 1756391189460252 49.393506 491	503808 492 442	1024 1 1	-0.163 -0.478 0.309
000493 1756391189560940 49.494194 492	504832 493 443	1024 1 1	0.271 0.434 0.317
000494 1756391189661218 49.594472 493	505856 494 444	1024 1 1	-0.090 -0.361 0.320
000495 1756391189762422 49.695676 494	506880 495 445	1024 1 1	0.517 0.607 0.338
000496 1756391189862897 49.796151 495	507904 496 446	1024 1 1	0.510 -0.007 0.317
000497 1756391189964106 49.897360 496	508928 497 447	1024 1 1	0.397 -0.113 0.304
000498 1756391190064503 49.997757 497	509952 498 448	1024 1 1	0.432 0.035 0.288
000499 1756391190164913 50.098167 498	510976 499 449	1024 1 1	0.072 -0.360 0.292
000500 1756391190265468 50.198722 499	512000 500 450	1024 1 1	0.329 0.257 0.290
000501 1756391190367223 50.300477 500	513024 501 451	1024 1 1	0.651 0.322 0.292
000502 1756391190467091 50.400345 501	514048 502 452	1024 1 1	-0.009 -0.660 0.315
000503 1756391190567697 50.500951 502	515072 503 453	1024 1 1	0.195 0.204 0.308
000504 1756391190667576 50.600830 503	516096 504 454	1024 1 1	-0.089 -0.284 0.306
000505 1756391190768010 50.701264 504	517120 505 455	1024 1 1	0.097 0.186 0.299
000506 1756391190869305 50.802559 505	518144 506 456	1024 1 1	0.574 0.477 0.310
000507 1756391190970283 50.903537 506	519168 507 457	1024 1 1	0.246 -0.328 0.311
000508 1756391191071056 51.004310 507	520192 508 458	1024 1 1	0.347 0.101 0.298
000509 1756391191171887 51.105141 508	521216 509 459	1024 1 1	0.073 -0.274 0.297
000510 1756391191273308 51.206562 509	522240 510 460	1024 1 1	0.350 0.277 0.295
000511 1756391191374894 51.308148 510	523264 511 461	1024 1 1	0.417 0.067 0.281
000512 1756391191475917 51.409171 511	524288 512 462	1024 1 1	0.430 0.013 0.264
000513 1756391191576395 51.509649 512	525312 513 463	1024 1 1	0.149 -0.281 0.265
000514 1756391191676524 51.609778 513	526336 514 464	1024 1 1	-0.131 -0.280 0.266
000515 1756391191777210 51.710464 514	527360 515 465	1024 1 1	0.072 0.203 0.262
000516 1756391191877845 51.811099 515	528384 516 466	1024 1 1	0.045 -0.027 0.248
000517 1756391191978490 51.911744 516	529408 517 467	1024 1 1	0.160 0.115 0.239
000518 1756391192079259 52.012513 517	530432 518 468	1024 1 1	0.217 0.057 0.228
000519 1756391192179887 52.113141 518	531456 519 469	1024 1 1	0.251 0.034 0.216
000520 1756391192280549 52.213803 519	532480 520 470	1024 1 1	0.099 -0.152 0.212
000521 1756391192381057 52.314311 520	533504 521 471	1024 1 1	0.128 0.029 0.200
000522 1756391192481242 52.414496 521	534528 522 472	1024 1 1	0.013 -0.115 0.195
000523 1756391192581414 52.514668 522	535552 523 473	1024 1 1	-0.024 -0.037 0.185
000524 1756391192682069 52.615323 523	536576 524 474	1024 1 1	0.146 0.170 0.184
000525 1756391192783088 52.716342 524	537600 525 475	1024 1 1	0.362 0.216 0.186
000526 1756391192883295 52.816549 525	538624 526 476	1024 1 1	0.171 -0.191 0.187
000527 1756391192984176 52.917430 526	539648 527 477	1024 1 1	0.283 0.112 0.182
000528 1756391193084980 53.018234 527	540672 528 478	1024 1 1	0.311 0.028 0.172
000529 1756391193185675 53.118929 528	541696 529 479	1024 1 1	0.091 -0.220 0.175
000530 1756391193286450 53.219704 529	542720 530 480	1024 1 1	-0.071 -0.162 0.174
000531 1756391193387627 53.320881 530	543744 531 481	1024 1 1	0.215 0.286 0.181
000532 1756391193488258 53.421512 531	544768 532 482	1024 1 1	0.223 0.008 0.171
000533 1756391193589249 53.522503 532	545792 533 483	1024 1 1	0.046 -0.177 0.171
000534 1756391193689679 53.622933 533	546816 534 484	1024 1 1	0.003 -0.043 0.163
000535 1756391193790069 53.723323 534	547840 535 485	1024 1 1	0.198 0.195 0.165
000536 1756391193891192 53.824446 535	548864 536 486	1024 1 1	0.297 0.099 0.161
000537 1756391193991417 53.924671 536	549888 537 487	1024 1 1	-0.110 -0.407 0.176
000538 1756391194093073 54.026327 537	550912 538 488	1024 1 1	0.314 0.424 0.192
000539 1756391194193348 54.126602 538	551936 539 489	1024 1 1	0.137 -0.177 0.191
000540 1756391194294209 54.227463 539	552960 540 490	1024 1 1	0.120 -0.017 0.180
000541 1756391194395370 54.328624 540	553984 541 491	1024 1 1	0.378 0.258 0.185
000542 1756391194497214 54.430468 541	555008 542 492	1024 1 1	0.356 -0.022 0.175
000543 1756391194597551 54.530805 542	556032 543 493	1024 1 1	0.326 -0.030 0.166
000544 1756391194699206 54.632460 543	557056 544 494	1024 1 1	0.845 0.519 0.188
000545 1756391194799942 54.733196 544	558080 545 495	1024 1 1	0.436 -0.409 0.202
000546 1756391194901569 54.834823 545	559104 546 496	1024 1 1	0.628 0.192 0.201
000547 1756391195002029 54.935283 546	560128 547 497	1024 1 1	0.470 -0.158 0.198
000548 1756391195103758 55.037012 547	561152 548 498	1024 1 1	0.440 -0.030 0.188
000549 1756391195204563 55.137817 548	562176 549 499	1024 1 1	0.711 0.271 0.193
000550 1756391195304414 55.237668 549	563200 550 500	1024 1 1	0.261 -0.450 0.209
000551 1756391195404944 55.338198 550	564224 551 501	1024 1 1	0.310 0.049 0.199
000552 1756391195506098 55.439352 551	565248 552 502	1024 1 1	0.495 0.185 0.198
000553 1756391195607421 55.540675 552	566272 553 503	1024 1 1	0.368 -0.127 0.194
000554 1756391195707775 55.641029 553	567296 554 504	1024 1 1	0.291 -0.077 0.186
000555 1756391195809394 55.742648 554	568320 555 505	1024 1 1	0.548 0.257 0.191
000556 1756391195910178 55.843432 555	569344 556 506	1024 1 1	0.457 -0.091 0.185
000557 1756391196010379 55.943633 556	570368 557 507	1024 1 1	0.181 -0.276 0.190
000558 1756391196111311 56.044565 557	571392 558 508	1024 1 1	0.489 0.308 0.198
000559 1756391196211730 56.144984 558	572416 559 509	1024 1 1	0.292 -0.197 0.198
000560 1756391196312107 56.245361 559	573440 560 510	1024 1 1	0.356 0.064 0.189
000561 1756391196412352 56.345606 560	574464 561 511	1024 1 1	0.441 0.085 0.183
000562 1756391196512497 56.445751 561	575488 562 512	1024 1 1	0.020 -0.421 0.198
000563 1756391196612892 56.546146 562	576512 563 513	1024 1 1	0.067 0.047 0.188
000564 1756391196713017 56.646271 563	577536 564 514	1024 1 1	-0.083 -0.150 0.186
000565 1756391196813373 56.746627 564	578560 565 515	1024 1 1	-0.018 0.065 0.178
000566 1756391196914998 56.848252 565	579584 566 516	1024 1 1	0.444 0.462 0.196
000567 1756391197015217 56.948471 566	580608 567 517	1024 1 1	0.215 -0.229 0.198
000568 1756391197116058 57.049312 567	581632 568 518	1024 1 1	0.608 0.393 0.210
000569 1756391197216771 57.150025 568	582656 569 519	1024 1 1	0.724 0.116 0.204
000570 1756391197317882 57.251136 569	583680 570 520	1024 1 1	0.600 -0.124 0.199
000571 1756391197419299 57.352553 570	584704 571 521	1024 1 1	0.457 -0.143 0.196
000572 1756391197519935 57.453189 571	585728 572 522	1024 1 1	0.624 0.167 0.194
000573 1756391197620970 57.554224 572	586752 573 523	1024 1 1	0.689 0.065 0.186
000574 1756391197720924 57.654178 573	587776 574 524	1024 1 1	0.206 -0.483 0.205
000575 1756391197821659 57.754913 574	588800 575 525	1024 1 1	0.457 0.251 0.207
000576 1756391197922123 57.855377 575	589824 576 526	1024 1 1	0.443 -0.014 0.195
000577 1756391198022255 57.955509 576	590848 577 527	1024 1 1	0.314 -0.129 0.191
000578 1756391198122711 58.055965 577	591872 578 528	1024 1 1	0.229 -0.085 0.185
000579 1756391198224107 58.157361 578	592896 579 529	1024 1 1	0.455 0.226 0.187
000580 1756391198325372 58.258626 579	593920 580 530	1024 1 1	0.534 0.079 0.180
000581 1756391198426266 58.359520 580	594944 581 531	1024 1 1	0.758 0.224 0.183
000582 1756391198526184 58.459438 581	595968 582 532	1024 1 1	0.396 -0.362 0.194
000583 1756391198626329 58.559583 582	596992 583 533	1024 1 1	0.250 -0.146 0.191
000584 1756391198726689 58.659943 583	598016 584 534	1024 1 1	0.059 -0.191 0.191
000585 1756391198827259 58.760513 584	599040 585 535	1024 1 1	0.339 0.280 0.197
000586 1756391198928058 58.861312 585	600064 586 536	1024 1 1	0.588 0.249 0.200
000587 1756391199028055 58.961309 586	601088 587 537	1024 1 1	0.017 -0.571 0.223
000588 1756391199129263 59.062517 587	602112 588 538	1024 1 1	0.383 0.366 0.232
000589 1756391199229496 59.162750 588	603136 589 539	1024 1 1	0.289 -0.094 0.224
000590 1756391199330128 59.263382 589	604160 590 540	1024 1 1	0.410 0.121 0.217
000591 1756391199430421 59.363675 590	605184 591 541	1024 1 1	0.313 -0.097 0.210
000592 1756391199531537 59.464791 591	606208 592 542	1024 1 1	0.574 0.261 0.213
000593 1756391199632089 59.565343 592	607232 593 543	1024 1 1	0.599 0.025 0.201
000594 1756391199732415 59.665669 593	608256 594 544	1024 1 1	0.546 -0.053 0.192
000595 1756391199832313 59.765567 594	609280 595 545	1024 1 1	0.264 -0.282 0.197
000596 1756391199933271 59.866525 595	610304 596 546	1024 1 1	0.412 0.148 0.194
000597 1756391200033869 59.967123 596	611328 597 547	1024 1 1	0.289 -0.123 0.190
