AbsTime RelTime Interval	FlowID Description Jitter	Action	AbsBytes AbsPackets AbsFrames	RelBytes RelPackets RelFrames
000001 1756390114070976 0.000000 0.000000	0 "TCP" 0.141	"Sent"     4906 1 1	4906 1 1
000002 1756390114070976 0.000000 0.000000	0 "TCP" 0.141	"Received" 4096 1 0	4096 1 0
000003 1756390114070976 0.000000 0.000000	0 "TCP" 0.141	"Lost"     0 0 0	0 0 0
000004 1756390114070976 0.000000 0.000000	1 "MPTCP" 0.133	"Sent"     4906 1 1	4906 1 1
000005 1756390114070976 0.000000 0.000000	1 "MPTCP" 0.133	"Received" 4096 1 0	4096 1 0
000006 1756390114070976 0.000000 0.000000	1 "MPTCP" 0.133	"Lost"     0 0 0	0 0 0
000007 1756390114070976 0.000000 0.000000	2 "UDP" 0.098	"Sent"     1024 1 1	1024 1 1
000008 1756390114070976 0.000000 0.000000	2 "UDP" 0.098	"Received" 1024 1 0	1024 1 0
000009 1756390114070976 0.000000 0.000000	2 "UDP" 0.098	"Lost"     0 0 0	0 0 0
000010 1756390114070976 0.000000 0.000000	3 "DCCP" 0.093	"Sent"     1024 1 1	1024 1 1
000011 1756390114070976 0.000000 0.000000	3 "DCCP" 0.093	"Received" 1024 1 0	1024 1 0
000012 1756390114070976 0.000000 0.000000	3 "DCCP" 0.093	"Lost"     0 0 0	0 0 0
000013 1756390114070976 0.000000 0.000000	4 "SCTP Stream 0" 0.102	"Sent"     512 1 1	512 1 1
000014 1756390114070976 0.000000 0.000000	4 "SCTP Stream 0" 0.102	"Received" 512 1 0	512 1 0
000015 1756390114070976 0.000000 0.000000	4 "SCTP Stream 0" 0.102	"Lost"     0 0 0	0 0 0
000016 1756390114070976 0.000000 0.000000	5 "SCTP Stream 1" 0.133	"Sent"     512 1 1	512 1 1
000017 1756390114070976 0.000000 0.000000	5 "SCTP Stream 1" 0.133	"Received" 512 1 0	512 1 0
000018 1756390114070976 0.000000 0.000000	5 "SCTP Stream 1" 0.133	"Lost"     0 0 0	0 0 0
000019 1756390114070976 0.000000 0.000000	6 "SCTP Stream 2" 0.124	"Sent"     512 1 1	512 1 1
000020 1756390114070976 0.000000 0.000000	6 "SCTP Stream 2" 0.124	"Received" 512 1 0	512 1 0
000021 1756390114070976 0.000000 0.000000	6 "SCTP Stream 2" 0.124	"Lost"     0 0 0	0 0 0
000022 1756390114070976 0.000000 0.000000	7 "SCTP Stream 3" 0.112	"Sent"     512 1 1	512 1 1
000023 1756390114070976 0.000000 0.000000	7 "SCTP Stream 3" 0.112	"Received" 512 1 0	512 1 0
000024 1756390114070976 0.000000 0.000000	7 "SCTP Stream 3" 0.112	"Lost"     0 0 0	0 0 0
000025 1756390114070976 0.000000 0.000000	8 "SCTP Stream 4" 0.000	"Sent"     512 1 1	512 1 1
000026 1756390114070976 0.000000 0.000000	8 "SCTP Stream 4" 0.000	"Received" 0 0 0	0 0 0
000027 1756390114070976 0.000000 0.000000	8 "SCTP Stream 4" 0.000	"Lost"     0 0 0	0 0 0
000028 1756390114070976 0.000000 0.000000	-1 "Total" 0	"Sent"     14420 9 9	14420 9 9
000029 1756390114070976 0.000000 0.000000	-1 "Total" 0	"Received" 12288 8 0	12288 8 0
000030 1756390114070976 0.000000 0.000000	-1 "Total" 0	"Lost"     0 0 0	0 0 0
000031 1756390115072018 1.001042 1.001042	0 "TCP" 0.184	"Sent"     49060 10 10	44154 9 9
000032 1756390115072018 1.001042 1.001042	0 "TCP" 0.184	"Received" 45056 11 0	40960 10 0
000033 1756390115072018 1.001042 1.001042	0 "TCP" 0.184	"Lost"     0 0 0	0 0 0
000034 1756390115072018 1.001042 1.001042	1 "MPTCP" 0.220	"Sent"     49060 10 10	44154 9 9
000035 1756390115072018 1.001042 1.001042	1 "MPTCP" 0.220	"Received" 45056 11 0	40960 10 0
000036 1756390115072018 1.001042 1.001042	1 "MPTCP" 0.220	"Lost"     0 0 0	0 0 0
000037 1756390115072018 1.001042 1.001042	2 "UDP" 0.197	"Sent"     10240 10 10	9216 9 9
000038 1756390115072018 1.001042 1.001042	2 "UDP" 0.197	"Received" 11264 11 0	10240 10 0
000039 1756390115072018 1.001042 1.001042	2 "UDP" 0.197	"Lost"     0 0 0	0 0 0
000040 1756390115072018 1.001042 1.001042	3 "DCCP" 0.211	"Sent"     10240 10 10	9216 9 9
000041 1756390115072018 1.001042 1.001042	3 "DCCP" 0.211	"Received" 11264 11 0	10240 10 0
000042 1756390115072018 1.001042 1.001042	3 "DCCP" 0.211	"Lost"     0 0 0	0 0 0
000043 1756390115072018 1.001042 1.001042	4 "SCTP Stream 0" 0.096	"Sent"     2560 5 5	2048 4 4
000044 1756390115072018 1.001042 1.001042	4 "SCTP Stream 0" 0.096	"Received" 1024 2 0	512 1 0
000045 1756390115072018 1.001042 1.001042	4 "SCTP Stream 0" 0.096	"Lost"     0 0 0	0 0 0
000046 1756390115072018 1.001042 1.001042	5 "SCTP Stream 1" 0.220	"Sent"     2560 5 5	2048 4 4
000047 1756390115072018 1.001042 1.001042	5 "SCTP Stream 1" 0.220	"Received" 1536 3 0	1024 2 0
000048 1756390115072018 1.001042 1.001042	5 "SCTP Stream 1" 0.220	"Lost"     0 0 0	0 0 0
000049 1756390115072018 1.001042 1.001042	6 "SCTP Stream 2" 0.134	"Sent"     1536 3 3	1024 2 2
000050 1756390115072018 1.001042 1.001042	6 "SCTP Stream 2" 0.134	"Received" 1536 3 0	1024 2 0
000051 1756390115072018 1.001042 1.001042	6 "SCTP Stream 2" 0.134	"Lost"     0 0 0	0 0 0
000052 1756390115072018 1.001042 1.001042	7 "SCTP Stream 3" 1.270	"Sent"     1536 3 3	1024 2 2
000053 1756390115072018 1.001042 1.001042	7 "SCTP Stream 3" 1.270	"Received" 2560 5 0	2048 4 0
000054 1756390115072018 1.001042 1.001042	7 "SCTP Stream 3" 1.270	"Lost"     0 0 0	0 0 0
000055 1756390115072018 1.001042 1.001042	8 "SCTP Stream 4" 1.001	"Sent"     1024 2 2	512 1 1
000056 1756390115072018 1.001042 1.001042	8 "SCTP Stream 4" 1.001	"Received" 3072 6 0	3072 6 0
000057 1756390115072018 1.001042 1.001042	8 "SCTP Stream 4" 1.001	"Lost"     0 0 0	0 0 0
000058 1756390115072018 1.001042 1.001042	-1 "Total" 0	"Sent"     127816 58 58	113396 49 49
000059 1756390115072018 1.001042 1.001042	-1 "Total" 0	"Received" 122368 63 0	110080 55 0
000060 1756390115072018 1.001042 1.001042	-1 "Total" 0	"Lost"     0 0 0	0 0 0
000061 1756390116071615 2.000639 0.999597	0 "TCP" 0.163	"Sent"     98120 20 20	49060 10 10
000062 1756390116071615 2.000639 0.999597	0 "TCP" 0.163	"Received" 86016 21 0	40960 10 0
000063 1756390116071615 2.000639 0.999597	0 "TCP" 0.163	"Lost"     0 0 0	0 0 0
000064 1756390116071615 2.000639 0.999597	1 "MPTCP" 0.198	"Sent"     98120 20 20	49060 10 10
000065 1756390116071615 2.000639 0.999597	1 "MPTCP" 0.198	"Received" 86016 21 0	40960 10 0
000066 1756390116071615 2.000639 0.999597	1 "MPTCP" 0.198	"Lost"     0 0 0	0 0 0
000067 1756390116071615 2.000639 0.999597	2 "UDP" 0.190	"Sent"     20480 20 20	10240 10 10
000068 1756390116071615 2.000639 0.999597	2 "UDP" 0.190	"Received" 21504 21 0	10240 10 0
000069 1756390116071615 2.000639 0.999597	2 "UDP" 0.190	"Lost"     0 0 0	0 0 0
000070 1756390116071615 2.000639 0.999597	3 "DCCP" 0.193	"Sent"     20480 20 20	10240 10 10
000071 1756390116071615 2.000639 0.999597	3 "DCCP" 0.193	"Received" 21504 21 0	10240 10 0
000072 1756390116071615 2.000639 0.999597	3 "DCCP" 0.193	"Lost"     0 0 0	0 0 0
000073 1756390116071615 2.000639 0.999597	4 "SCTP Stream 0" 0.095	"Sent"     5120 10 10	2560 5 5
000074 1756390116071615 2.000639 0.999597	4 "SCTP Stream 0" 0.095	"Received" 1536 3 0	512 1 0
000075 1756390116071615 2.000639 0.999597	4 "SCTP Stream 0" 0.095	"Lost"     0 0 0	0 0 0
000076 1756390116071615 2.000639 0.999597	5 "SCTP Stream 1" 0.521	"Sent"     4096 8 8	1536 3 3
000077 1756390116071615 2.000639 0.999597	5 "SCTP Stream 1" 0.521	"Received" 2560 5 0	1024 2 0
000078 1756390116071615 2.000639 0.999597	5 "SCTP Stream 1" 0.521	"Lost"     0 0 0	0 0 0
000079 1756390116071615 2.000639 0.999597	6 "SCTP Stream 2" 0.759	"Sent"     3072 6 6	1536 3 3
000080 1756390116071615 2.000639 0.999597	6 "SCTP Stream 2" 0.759	"Received" 3072 6 0	1536 3 0
000081 1756390116071615 2.000639 0.999597	6 "SCTP Stream 2" 0.759	"Lost"     0 0 0	0 0 0
000082 1756390116071615 2.000639 0.999597	7 "SCTP Stream 3" 2.064	"Sent"     2048 4 4	512 1 1
000083 1756390116071615 2.000639 0.999597	7 "SCTP Stream 3" 2.064	"Received" 4608 9 0	2048 4 0
000084 1756390116071615 2.000639 0.999597	7 "SCTP Stream 3" 2.064	"Lost"     0 0 0	0 0 0
000085 1756390116071615 2.000639 0.999597	8 "SCTP Stream 4" 0.818	"Sent"     1024 2 2	0 0 0
000086 1756390116071615 2.000639 0.999597	8 "SCTP Stream 4" 0.818	"Received" 5632 11 0	2560 5 0
000087 1756390116071615 2.000639 0.999597	8 "SCTP Stream 4" 0.818	"Lost"     0 0 0	0 0 0
000088 1756390116071615 2.000639 0.999597	-1 "Total" 0	"Sent"     252560 110 110	124744 52 52
000089 1756390116071615 2.000639 0.999597	-1 "Total" 0	"Received" 232448 118 0	110080 55 0
000090 1756390116071615 2.000639 0.999597	-1 "Total" 0	"Lost"     0 0 0	0 0 0
000091 1756390117071152 3.000176 0.999537	0 "TCP" 0.164	"Sent"     147180 30 30	49060 10 10
000092 1756390117071152 3.000176 0.999537	0 "TCP" 0.164	"Received" 122880 30 0	36864 9 0
000093 1756390117071152 3.000176 0.999537	0 "TCP" 0.164	"Lost"     0 0 0	0 0 0
000094 1756390117071152 3.000176 0.999537	1 "MPTCP" 0.183	"Sent"     147180 30 30	49060 10 10
000095 1756390117071152 3.000176 0.999537	1 "MPTCP" 0.183	"Received" 122880 30 0	36864 9 0
000096 1756390117071152 3.000176 0.999537	1 "MPTCP" 0.183	"Lost"     0 0 0	0 0 0
000097 1756390117071152 3.000176 0.999537	2 "UDP" 0.163	"Sent"     30720 30 30	10240 10 10
000098 1756390117071152 3.000176 0.999537	2 "UDP" 0.163	"Received" 30720 30 0	9216 9 0
000099 1756390117071152 3.000176 0.999537	2 "UDP" 0.163	"Lost"     0 0 0	0 0 0
000100 1756390117071152 3.000176 0.999537	3 "DCCP" 0.193	"Sent"     30720 30 30	10240 10 10
000101 1756390117071152 3.000176 0.999537	3 "DCCP" 0.193	"Received" 30720 30 0	9216 9 0
000102 1756390117071152 3.000176 0.999537	3 "DCCP" 0.193	"Lost"     0 0 0	0 0 0
000103 1756390117071152 3.000176 0.999537	4 "SCTP Stream 0" 0.093	"Sent"     7680 15 15	2560 5 5
000104 1756390117071152 3.000176 0.999537	4 "SCTP Stream 0" 0.093	"Received" 2048 4 0	512 1 0
000105 1756390117071152 3.000176 0.999537	4 "SCTP Stream 0" 0.093	"Lost"     0 0 0	0 0 0
000106 1756390117071152 3.000176 0.999537	5 "SCTP Stream 1" 0.691	"Sent"     6144 12 12	2048 4 4
000107 1756390117071152 3.000176 0.999537	5 "SCTP Stream 1" 0.691	"Received" 3072 6 0	512 1 0
000108 1756390117071152 3.000176 0.999537	5 "SCTP Stream 1" 0.691	"Lost"     0 0 0	0 0 0
000109 1756390117071152 3.000176 0.999537	6 "SCTP Stream 2" 0.766	"Sent"     4608 9 9	1536 3 3
000110 1756390117071152 3.000176 0.999537	6 "SCTP Stream 2" 0.766	"Received" 4608 9 0	1536 3 0
000111 1756390117071152 3.000176 0.999537	6 "SCTP Stream 2" 0.766	"Lost"     0 0 0	0 0 0
000112 1756390117071152 3.000176 0.999537	7 "SCTP Stream 3" 2.643	"Sent"     3072 6 6	1024 2 2
000113 1756390117071152 3.000176 0.999537	7 "SCTP Stream 3" 2.643	"Received" 6144 12 0	1536 3 0
000114 1756390117071152 3.000176 0.999537	7 "SCTP Stream 3" 2.643	"Lost"     0 0 0	0 0 0
000115 1756390117071152 3.000176 0.999537	8 "SCTP Stream 4" 0.690	"Sent"     1536 3 3	512 1 1
000116 1756390117071152 3.000176 0.999537	8 "SCTP Stream 4" 0.690	"Received" 7680 15 0	2048 4 0
000117 1756390117071152 3.000176 0.999537	8 "SCTP Stream 4" 0.690	"Lost"     0 0 0	0 0 0
000118 1756390117071152 3.000176 0.999537	-1 "Total" 0	"Sent"     378840 165 165	126280 55 55
000119 1756390117071152 3.000176 0.999537	-1 "Total" 0	"Received" 330752 166 0	98304 48 0
000120 1756390117071152 3.000176 0.999537	-1 "Total" 0	"Lost"     0 0 0	0 0 0
000121 1756390118071880 4.000904 1.000728	0 "TCP" 0.252	"Sent"     196240 40 40	49060 10 10
000122 1756390118071880 4.000904 1.000728	0 "TCP" 0.252	"Received" 163840 40 0	40960 10 0
000123 1756390118071880 4.000904 1.000728	0 "TCP" 0.252	"Lost"     0 0 0	0 0 0
000124 1756390118071880 4.000904 1.000728	1 "MPTCP" 0.216	"Sent"     196240 40 40	49060 10 10
000125 1756390118071880 4.000904 1.000728	1 "MPTCP" 0.216	"Received" 163840 40 0	40960 10 0
000126 1756390118071880 4.000904 1.000728	1 "MPTCP" 0.216	"Lost"     0 0 0	0 0 0
000127 1756390118071880 4.000904 1.000728	2 "UDP" 0.190	"Sent"     40960 40 40	10240 10 10
000128 1756390118071880 4.000904 1.000728	2 "UDP" 0.190	"Received" 40960 40 0	10240 10 0
000129 1756390118071880 4.000904 1.000728	2 "UDP" 0.190	"Lost"     0 0 0	0 0 0
000130 1756390118071880 4.000904 1.000728	3 "DCCP" 0.177	"Sent"     40960 40 40	10240 10 10
000131 1756390118071880 4.000904 1.000728	3 "DCCP" 0.177	"Received" 40960 40 0	10240 10 0
000132 1756390118071880 4.000904 1.000728	3 "DCCP" 0.177	"Lost"     0 0 0	0 0 0
000133 1756390118071880 4.000904 1.000728	4 "SCTP Stream 0" 0.108	"Sent"     10240 20 20	2560 5 5
000134 1756390118071880 4.000904 1.000728	4 "SCTP Stream 0" 0.108	"Received" 2560 5 0	512 1 0
000135 1756390118071880 4.000904 1.000728	4 "SCTP Stream 0" 0.108	"Lost"     0 0 0	0 0 0
000136 1756390118071880 4.000904 1.000728	5 "SCTP Stream 1" 1.189	"Sent"     8192 16 16	2048 4 4
000137 1756390118071880 4.000904 1.000728	5 "SCTP Stream 1" 1.189	"Received" 4096 8 0	1024 2 0
000138 1756390118071880 4.000904 1.000728	5 "SCTP Stream 1" 1.189	"Lost"     0 0 0	0 0 0
000139 1756390118071880 4.000904 1.000728	6 "SCTP Stream 2" 0.664	"Sent"     6144 12 12	1536 3 3
000140 1756390118071880 4.000904 1.000728	6 "SCTP Stream 2" 0.664	"Received" 6144 12 0	1536 3 0
000141 1756390118071880 4.000904 1.000728	6 "SCTP Stream 2" 0.664	"Lost"     0 0 0	0 0 0
000142 1756390118071880 4.000904 1.000728	7 "SCTP Stream 3" 3.182	"Sent"     4096 8 8	1024 2 2
000143 1756390118071880 4.000904 1.000728	7 "SCTP Stream 3" 3.182	"Received" 8192 16 0	2048 4 0
000144 1756390118071880 4.000904 1.000728	7 "SCTP Stream 3" 3.182	"Lost"     0 0 0	0 0 0
000145 1756390118071880 4.000904 1.000728	8 "SCTP Stream 4" 0.588	"Sent"     2048 4 4	512 1 1
000146 1756390118071880 4.000904 1.000728	8 "SCTP Stream 4" 0.588	"Received" 10240 20 0	2560 5 0
000147 1756390118071880 4.000904 1.000728	8 "SCTP Stream 4" 0.588	"Lost"     0 0 0	0 0 0
000148 1756390118071880 4.000904 1.000728	-1 "Total" 0	"Sent"     505120 220 220	126280 55 55
000149 1756390118071880 4.000904 1.000728	-1 "Total" 0	"Received" 440832 221 0	110080 55 0
000150 1756390118071880 4.000904 1.000728	-1 "Total" 0	"Lost"     0 0 0	0 0 0
000151 1756390119071403 5.000427 0.999523	0 "TCP" 0.251	"Sent"     245300 50 50	49060 10 10
000152 1756390119071403 5.000427 0.999523	0 "TCP" 0.251	"Received" 204800 50 0	40960 10 0
000153 1756390119071403 5.000427 0.999523	0 "TCP" 0.251	"Lost"     0 0 0	0 0 0
000154 1756390119071403 5.000427 0.999523	1 "MPTCP" 0.177	"Sent"     245300 50 50	49060 10 10
000155 1756390119071403 5.000427 0.999523	1 "MPTCP" 0.177	"Received" 204800 50 0	40960 10 0
000156 1756390119071403 5.000427 0.999523	1 "MPTCP" 0.177	"Lost"     0 0 0	0 0 0
000157 1756390119071403 5.000427 0.999523	2 "UDP" 0.160	"Sent"     51200 50 50	10240 10 10
000158 1756390119071403 5.000427 0.999523	2 "UDP" 0.160	"Received" 51200 50 0	10240 10 0
000159 1756390119071403 5.000427 0.999523	2 "UDP" 0.160	"Lost"     0 0 0	0 0 0
000160 1756390119071403 5.000427 0.999523	3 "DCCP" 0.225	"Sent"     51200 50 50	10240 10 10
000161 1756390119071403 5.000427 0.999523	3 "DCCP" 0.225	"Received" 51200 50 0	10240 10 0
000162 1756390119071403 5.000427 0.999523	3 "DCCP" 0.225	"Lost"     0 0 0	0 0 0
000163 1756390119071403 5.000427 0.999523	4 "SCTP Stream 0" 0.110	"Sent"     12800 25 25	2560 5 5
000164 1756390119071403 5.000427 0.999523	4 "SCTP Stream 0" 0.110	"Received" 3072 6 1	512 1 1
000165 1756390119071403 5.000427 0.999523	4 "SCTP Stream 0" 0.110	"Lost"     0 0 0	0 0 0
000166 1756390119071403 5.000427 0.999523	5 "SCTP Stream 1" 1.842	"Sent"     10240 20 20	2048 4 4
000167 1756390119071403 5.000427 0.999523	5 "SCTP Stream 1" 1.842	"Received" 5120 10 0	1024 2 0
000168 1756390119071403 5.000427 0.999523	5 "SCTP Stream 1" 1.842	"Lost"     0 0 0	0 0 0
000169 1756390119071403 5.000427 0.999523	6 "SCTP Stream 2" 0.568	"Sent"     7680 15 15	1536 3 3
000170 1756390119071403 5.000427 0.999523	6 "SCTP Stream 2" 0.568	"Received" 7680 15 0	1536 3 0
000171 1756390119071403 5.000427 0.999523	6 "SCTP Stream 2" 0.568	"Lost"     0 0 0	0 0 0
000172 1756390119071403 5.000427 0.999523	7 "SCTP Stream 3" 3.542	"Sent"     5120 10 10	1024 2 2
000173 1756390119071403 5.000427 0.999523	7 "SCTP Stream 3" 3.542	"Received" 10240 20 0	2048 4 0
000174 1756390119071403 5.000427 0.999523	7 "SCTP Stream 3" 3.542	"Lost"     0 0 0	0 0 0
000175 1756390119071403 5.000427 0.999523	8 "SCTP Stream 4" 0.471	"Sent"     2560 5 5	512 1 1
000176 1756390119071403 5.000427 0.999523	8 "SCTP Stream 4" 0.471	"Received" 12800 25 0	2560 5 0
000177 1756390119071403 5.000427 0.999523	8 "SCTP Stream 4" 0.471	"Lost"     0 0 0	0 0 0
000178 1756390119071403 5.000427 0.999523	-1 "Total" 0	"Sent"     631400 275 275	126280 55 55
000179 1756390119071403 5.000427 0.999523	-1 "Total" 0	"Received" 550912 276 1	110080 55 1
000180 1756390119071403 5.000427 0.999523	-1 "Total" 0	"Lost"     0 0 0	0 0 0
000181 1756390120072096 6.001120 1.000693	0 "TCP" 0.286	"Sent"     294360 60 60	49060 10 10
000182 1756390120072096 6.001120 1.000693	0 "TCP" 0.286	"Received" 245760 60 10	40960 10 10
000183 1756390120072096 6.001120 1.000693	0 "TCP" 0.286	"Lost"     0 0 0	0 0 0
000184 1756390120072096 6.001120 1.000693	1 "MPTCP" 0.150	"Sent"     294360 60 60	49060 10 10
000185 1756390120072096 6.001120 1.000693	1 "MPTCP" 0.150	"Received" 245760 60 10	40960 10 10
000186 1756390120072096 6.001120 1.000693	1 "MPTCP" 0.150	"Lost"     0 0 0	0 0 0
000187 1756390120072096 6.001120 1.000693	2 "UDP" 0.163	"Sent"     61440 60 60	10240 10 10
000188 1756390120072096 6.001120 1.000693	2 "UDP" 0.163	"Received" 61440 60 10	10240 10 10
000189 1756390120072096 6.001120 1.000693	2 "UDP" 0.163	"Lost"     0 0 0	0 0 0
000190 1756390120072096 6.001120 1.000693	3 "DCCP" 0.253	"Sent"     61440 60 60	10240 10 10
000191 1756390120072096 6.001120 1.000693	3 "DCCP" 0.253	"Received" 61440 60 10	10240 10 10
000192 1756390120072096 6.001120 1.000693	3 "DCCP" 0.253	"Lost"     0 0 0	0 0 0
000193 1756390120072096 6.001120 1.000693	4 "SCTP Stream 0" 0.116	"Sent"     15360 30 30	2560 5 5
000194 1756390120072096 6.001120 1.000693	4 "SCTP Stream 0" 0.116	"Received" 3584 7 2	512 1 1
000195 1756390120072096 6.001120 1.000693	4 "SCTP Stream 0" 0.116	"Lost"     0 0 0	0 0 0
000196 1756390120072096 6.001120 1.000693	5 "SCTP Stream 1" 2.427	"Sent"     12288 24 24	2048 4 4
000197 1756390120072096 6.001120 1.000693	5 "SCTP Stream 1" 2.427	"Received" 6144 12 2	1024 2 2
000198 1756390120072096 6.001120 1.000693	5 "SCTP Stream 1" 2.427	"Lost"     0 0 0	0 0 0
000199 1756390120072096 6.001120 1.000693	6 "SCTP Stream 2" 0.652	"Sent"     9216 18 18	1536 3 3
000200 1756390120072096 6.001120 1.000693	6 "SCTP Stream 2" 0.652	"Received" 9216 18 3	1536 3 3
000201 1756390120072096 6.001120 1.000693	6 "SCTP Stream 2" 0.652	"Lost"     0 0 0	0 0 0
000202 1756390120072096 6.001120 1.000693	7 "SCTP Stream 3" 3.164	"Sent"     6144 12 12	1024 2 2
000203 1756390120072096 6.001120 1.000693	7 "SCTP Stream 3" 3.164	"Received" 12288 24 4	2048 4 4
000204 1756390120072096 6.001120 1.000693	7 "SCTP Stream 3" 3.164	"Lost"     0 0 0	0 0 0
000205 1756390120072096 6.001120 1.000693	8 "SCTP Stream 4" 0.424	"Sent"     3072 6 6	512 1 1
000206 1756390120072096 6.001120 1.000693	8 "SCTP Stream 4" 0.424	"Received" 15360 30 5	2560 5 5
000207 1756390120072096 6.001120 1.000693	8 "SCTP Stream 4" 0.424	"Lost"     0 0 0	0 0 0
000208 1756390120072096 6.001120 1.000693	-1 "Total" 0	"Sent"     757680 330 330	126280 55 55
000209 1756390120072096 6.001120 1.000693	-1 "Total" 0	"Received" 660992 331 56	110080 55 55
000210 1756390120072096 6.001120 1.000693	-1 "Total" 0	"Lost"     0 0 0	0 0 0
000211 1756390121072135 7.001159 1.000039	0 "TCP" 0.231	"Sent"     343420 70 70	49060 10 10
000212 1756390121072135 7.001159 1.000039	0 "TCP" 0.231	"Received" 286720 70 20	40960 10 10
000213 1756390121072135 7.001159 1.000039	0 "TCP" 0.231	"Lost"     0 0 0	0 0 0
000214 1756390121072135 7.001159 1.000039	1 "MPTCP" 0.152	"Sent"     343420 70 70	49060 10 10
000215 1756390121072135 7.001159 1.000039	1 "MPTCP" 0.152	"Received" 286720 70 20	40960 10 10
000216 1756390121072135 7.001159 1.000039	1 "MPTCP" 0.152	"Lost"     0 0 0	0 0 0
000217 1756390121072135 7.001159 1.000039	2 "UDP" 0.144	"Sent"     71680 70 70	10240 10 10
000218 1756390121072135 7.001159 1.000039	2 "UDP" 0.144	"Received" 71680 70 20	10240 10 10
000219 1756390121072135 7.001159 1.000039	2 "UDP" 0.144	"Lost"     0 0 0	0 0 0
000220 1756390121072135 7.001159 1.000039	3 "DCCP" 0.262	"Sent"     71680 70 70	10240 10 10
000221 1756390121072135 7.001159 1.000039	3 "DCCP" 0.262	"Received" 71680 70 20	10240 10 10
000222 1756390121072135 7.001159 1.000039	3 "DCCP" 0.262	"Lost"     0 0 0	0 0 0
000223 1756390121072135 7.001159 1.000039	4 "SCTP Stream 0" 0.116	"Sent"     17920 35 35	2560 5 5
000224 1756390121072135 7.001159 1.000039	4 "SCTP Stream 0" 0.116	"Received" 3584 7 2	0 0 0
000225 1756390121072135 7.001159 1.000039	4 "SCTP Stream 0" 0.116	"Lost"     0 0 0	0 0 0
000226 1756390121072135 7.001159 1.000039	5 "SCTP Stream 1" 2.170	"Sent"     14336 28 28	2048 4 4
000227 1756390121072135 7.001159 1.000039	5 "SCTP Stream 1" 2.170	"Received" 7168 14 4	1024 2 2
000228 1756390121072135 7.001159 1.000039	5 "SCTP Stream 1" 2.170	"Lost"     0 0 0	0 0 0
000229 1756390121072135 7.001159 1.000039	6 "SCTP Stream 2" 0.639	"Sent"     10752 21 21	1536 3 3
000230 1756390121072135 7.001159 1.000039	6 "SCTP Stream 2" 0.639	"Received" 10752 21 6	1536 3 3
000231 1756390121072135 7.001159 1.000039	6 "SCTP Stream 2" 0.639	"Lost"     0 0 0	0 0 0
000232 1756390121072135 7.001159 1.000039	7 "SCTP Stream 3" 2.756	"Sent"     7168 14 14	1024 2 2
000233 1756390121072135 7.001159 1.000039	7 "SCTP Stream 3" 2.756	"Received" 14336 28 8	2048 4 4
000234 1756390121072135 7.001159 1.000039	7 "SCTP Stream 3" 2.756	"Lost"     0 0 0	0 0 0
000235 1756390121072135 7.001159 1.000039	8 "SCTP Stream 4" 0.398	"Sent"     3584 7 7	512 1 1
000236 1756390121072135 7.001159 1.000039	8 "SCTP Stream 4" 0.398	"Received" 17920 35 10	2560 5 5
000237 1756390121072135 7.001159 1.000039	8 "SCTP Stream 4" 0.398	"Lost"     0 0 0	0 0 0
000238 1756390121072135 7.001159 1.000039	-1 "Total" 0	"Sent"     883960 385 385	126280 55 55
000239 1756390121072135 7.001159 1.000039	-1 "Total" 0	"Received" 770560 385 110	109568 54 54
000240 1756390121072135 7.001159 1.000039	-1 "Total" 0	"Lost"     0 0 0	0 0 0
000241 1756390122071485 8.000509 0.999350	0 "TCP" 0.213	"Sent"     392480 80 80	49060 10 10
000242 1756390122071485 8.000509 0.999350	0 "TCP" 0.213	"Received" 327680 80 30	40960 10 10
000243 1756390122071485 8.000509 0.999350	0 "TCP" 0.213	"Lost"     0 0 0	0 0 0
000244 1756390122071485 8.000509 0.999350	1 "MPTCP" 0.175	"Sent"     392480 80 80	49060 10 10
000245 1756390122071485 8.000509 0.999350	1 "MPTCP" 0.175	"Received" 327680 80 30	40960 10 10
000246 1756390122071485 8.000509 0.999350	1 "MPTCP" 0.175	"Lost"     0 0 0	0 0 0
000247 1756390122071485 8.000509 0.999350	2 "UDP" 0.154	"Sent"     81920 80 80	10240 10 10
000248 1756390122071485 8.000509 0.999350	2 "UDP" 0.154	"Received" 81920 80 30	10240 10 10
000249 1756390122071485 8.000509 0.999350	2 "UDP" 0.154	"Lost"     0 0 0	0 0 0
000250 1756390122071485 8.000509 0.999350	3 "DCCP" 0.230	"Sent"     81920 80 80	10240 10 10
000251 1756390122071485 8.000509 0.999350	3 "DCCP" 0.230	"Received" 81920 80 30	10240 10 10
000252 1756390122071485 8.000509 0.999350	3 "DCCP" 0.230	"Lost"     0 0 0	0 0 0
000253 1756390122071485 8.000509 0.999350	4 "SCTP Stream 0" 0.147	"Sent"     20480 40 40	2560 5 5
000254 1756390122071485 8.000509 0.999350	4 "SCTP Stream 0" 0.147	"Received" 4096 8 3	512 1 1
000255 1756390122071485 8.000509 0.999350	4 "SCTP Stream 0" 0.147	"Lost"     0 0 0	0 0 0
000256 1756390122071485 8.000509 0.999350	5 "SCTP Stream 1" 1.931	"Sent"     16384 32 32	2048 4 4
000257 1756390122071485 8.000509 0.999350	5 "SCTP Stream 1" 1.931	"Received" 8192 16 6	1024 2 2
000258 1756390122071485 8.000509 0.999350	5 "SCTP Stream 1" 1.931	"Lost"     0 0 0	0 0 0
000259 1756390122071485 8.000509 0.999350	6 "SCTP Stream 2" 0.577	"Sent"     12288 24 24	1536 3 3
000260 1756390122071485 8.000509 0.999350	6 "SCTP Stream 2" 0.577	"Received" 12288 24 9	1536 3 3
000261 1756390122071485 8.000509 0.999350	6 "SCTP Stream 2" 0.577	"Lost"     0 0 0	0 0 0
000262 1756390122071485 8.000509 0.999350	7 "SCTP Stream 3" 2.243	"Sent"     8192 16 16	1024 2 2
000263 1756390122071485 8.000509 0.999350	7 "SCTP Stream 3" 2.243	"Received" 16384 32 12	2048 4 4
000264 1756390122071485 8.000509 0.999350	7 "SCTP Stream 3" 2.243	"Lost"     0 0 0	0 0 0
000265 1756390122071485 8.000509 0.999350	8 "SCTP Stream 4" 0.350	"Sent"     4096 8 8	512 1 1
000266 1756390122071485 8.000509 0.999350	8 "SCTP Stream 4" 0.350	"Received" 20480 40 15	2560 5 5
000267 1756390122071485 8.000509 0.999350	8 "SCTP Stream 4" 0.350	"Lost"     0 0 0	0 0 0
000268 1756390122071485 8.000509 0.999350	-1 "Total" 0	"Sent"     1010240 440 440	126280 55 55
000269 1756390122071485 8.000509 0.999350	-1 "Total" 0	"Received" 880640 440 165	110080 55 55
000270 1756390122071485 8.000509 0.999350	-1 "Total" 0	"Lost"     0 0 0	0 0 0
000271 1756390123071845 9.000869 1.000360	0 "TCP" 0.217	"Sent"     441540 90 90	49060 10 10
000272 1756390123071845 9.000869 1.000360	0 "TCP" 0.217	"Received" 368640 90 40	40960 10 10
000273 1756390123071845 9.000869 1.000360	0 "TCP" 0.217	"Lost"     0 0 0	0 0 0
000274 1756390123071845 9.000869 1.000360	1 "MPTCP" 0.166	"Sent"     441540 90 90	49060 10 10
000275 1756390123071845 9.000869 1.000360	1 "MPTCP" 0.166	"Received" 368640 90 40	40960 10 10
000276 1756390123071845 9.000869 1.000360	1 "MPTCP" 0.166	"Lost"     0 0 0	0 0 0
000277 1756390123071845 9.000869 1.000360	2 "UDP" 0.210	"Sent"     92160 90 90	10240 10 10
000278 1756390123071845 9.000869 1.000360	2 "UDP" 0.210	"Received" 92160 90 40	10240 10 10
000279 1756390123071845 9.000869 1.000360	2 "UDP" 0.210	"Lost"     0 0 0	0 0 0
000280 1756390123071845 9.000869 1.000360	3 "DCCP" 0.245	"Sent"     92160 90 90	10240 10 10
000281 1756390123071845 9.000869 1.000360	3 "DCCP" 0.245	"Received" 92160 90 40	10240 10 10
000282 1756390123071845 9.000869 1.000360	3 "DCCP" 0.245	"Lost"     0 0 0	0 0 0
000283 1756390123071845 9.000869 1.000360	4 "SCTP Stream 0" 0.171	"Sent"     23040 45 45	2560 5 5
000284 1756390123071845 9.000869 1.000360	4 "SCTP Stream 0" 0.171	"Received" 4608 9 4	512 1 1
000285 1756390123071845 9.000869 1.000360	4 "SCTP Stream 0" 0.171	"Lost"     0 0 0	0 0 0
000286 1756390123071845 9.000869 1.000360	5 "SCTP Stream 1" 1.722	"Sent"     18432 36 36	2048 4 4
000287 1756390123071845 9.000869 1.000360	5 "SCTP Stream 1" 1.722	"Received" 9216 18 8	1024 2 2
000288 1756390123071845 9.000869 1.000360	5 "SCTP Stream 1" 1.722	"Lost"     0 0 0	0 0 0
000289 1756390123071845 9.000869 1.000360	6 "SCTP Stream 2" 0.545	"Sent"     13824 27 27	1536 3 3
000290 1756390123071845 9.000869 1.000360	6 "SCTP Stream 2" 0.545	"Received" 13824 27 12	1536 3 3
000291 1756390123071845 9.000869 1.000360	6 "SCTP Stream 2" 0.545	"Lost"     0 0 0	0 0 0
000292 1756390123071845 9.000869 1.000360	7 "SCTP Stream 3" 1.776	"Sent"     9216 18 18	1024 2 2
000293 1756390123071845 9.000869 1.000360	7 "SCTP Stream 3" 1.776	"Received" 18432 36 16	2048 4 4
000294 1756390123071845 9.000869 1.000360	7 "SCTP Stream 3" 1.776	"Lost"     0 0 0	0 0 0
000295 1756390123071845 9.000869 1.000360	8 "SCTP Stream 4" 0.331	"Sent"     4608 9 9	512 1 1
000296 1756390123071845 9.000869 1.000360	8 "SCTP Stream 4" 0.331	"Received" 23040 45 20	2560 5 5
000297 1756390123071845 9.000869 1.000360	8 "SCTP Stream 4" 0.331	"Lost"     0 0 0	0 0 0
000298 1756390123071845 9.000869 1.000360	-1 "Total" 0	"Sent"     1136520 495 495	126280 55 55
000299 1756390123071845 9.000869 1.000360	-1 "Total" 0	"Received" 990720 495 220	110080 55 55
000300 1756390123071845 9.000869 1.000360	-1 "Total" 0	"Lost"     0 0 0	0 0 0
000301 1756390124071967 10.000991 1.000122	0 "TCP" 0.262	"Sent"     490600 100 100	49060 10 10
000302 1756390124071967 10.000991 1.000122	0 "TCP" 0.262	"Received" 409600 100 50	40960 10 10
000303 1756390124071967 10.000991 1.000122	0 "TCP" 0.262	"Lost"     0 0 0	0 0 0
000304 1756390124071967 10.000991 1.000122	1 "MPTCP" 0.165	"Sent"     490600 100 100	49060 10 10
000305 1756390124071967 10.000991 1.000122	1 "MPTCP" 0.165	"Received" 409600 100 50	40960 10 10
000306 1756390124071967 10.000991 1.000122	1 "MPTCP" 0.165	"Lost"     0 0 0	0 0 0
000307 1756390124071967 10.000991 1.000122	2 "UDP" 0.217	"Sent"     102400 100 100	10240 10 10
000308 1756390124071967 10.000991 1.000122	2 "UDP" 0.217	"Received" 102400 100 50	10240 10 10
000309 1756390124071967 10.000991 1.000122	2 "UDP" 0.217	"Lost"     0 0 0	0 0 0
000310 1756390124071967 10.000991 1.000122	3 "DCCP" 0.209	"Sent"     102400 100 100	10240 10 10
000311 1756390124071967 10.000991 1.000122	3 "DCCP" 0.209	"Received" 102400 100 50	10240 10 10
000312 1756390124071967 10.000991 1.000122	3 "DCCP" 0.209	"Lost"     0 0 0	0 0 0
000313 1756390124071967 10.000991 1.000122	4 "SCTP Stream 0" 0.164	"Sent"     25600 50 50	2560 5 5
000314 1756390124071967 10.000991 1.000122	4 "SCTP Stream 0" 0.164	"Received" 5120 10 5	512 1 1
000315 1756390124071967 10.000991 1.000122	4 "SCTP Stream 0" 0.164	"Lost"     0 0 0	0 0 0
000316 1756390124071967 10.000991 1.000122	5 "SCTP Stream 1" 1.534	"Sent"     20480 40 40	2048 4 4
000317 1756390124071967 10.000991 1.000122	5 "SCTP Stream 1" 1.534	"Received" 10240 20 10	1024 2 2
000318 1756390124071967 10.000991 1.000122	5 "SCTP Stream 1" 1.534	"Lost"     0 0 0	0 0 0
000319 1756390124071967 10.000991 1.000122	6 "SCTP Stream 2" 0.491	"Sent"     15360 30 30	1536 3 3
000320 1756390124071967 10.000991 1.000122	6 "SCTP Stream 2" 0.491	"Received" 15360 30 15	1536 3 3
000321 1756390124071967 10.000991 1.000122	6 "SCTP Stream 2" 0.491	"Lost"     0 0 0	0 0 0
000322 1756390124071967 10.000991 1.000122	7 "SCTP Stream 3" 1.386	"Sent"     10240 20 20	1024 2 2
000323 1756390124071967 10.000991 1.000122	7 "SCTP Stream 3" 1.386	"Received" 20480 40 20	2048 4 4
000324 1756390124071967 10.000991 1.000122	7 "SCTP Stream 3" 1.386	"Lost"     0 0 0	0 0 0
000325 1756390124071967 10.000991 1.000122	8 "SCTP Stream 4" 0.285	"Sent"     5120 10 10	512 1 1
000326 1756390124071967 10.000991 1.000122	8 "SCTP Stream 4" 0.285	"Received" 25600 50 25	2560 5 5
000327 1756390124071967 10.000991 1.000122	8 "SCTP Stream 4" 0.285	"Lost"     0 0 0	0 0 0
000328 1756390124071967 10.000991 1.000122	-1 "Total" 0	"Sent"     1262800 550 550	126280 55 55
000329 1756390124071967 10.000991 1.000122	-1 "Total" 0	"Received" 1100800 550 275	110080 55 55
000330 1756390124071967 10.000991 1.000122	-1 "Total" 0	"Lost"     0 0 0	0 0 0
