AbsTime RelTime SeqNumber	AbsBytes AbsPackets AbsFrames	RelBytes RelPackets RelFrames	Delay PrevPacketDelayDiff Jitter
000001 1756391140160857 0.092338 1	2048 2 0	1024 1 0	1.476 -1.134 0.224
000002 1756391140261377 0.192858 2	3072 3 0	1024 1 0	1.486 0.010 0.210
000003 1756391140361894 0.293375 3	4096 4 0	1024 1 0	1.606 0.120 0.205
000004 1756391140462375 0.393856 4	5120 5 0	1024 1 0	1.200 -0.406 0.217
000005 1756391140563864 0.495345 5	6144 6 0	1024 1 0	1.930 0.730 0.249
000006 1756391140665074 0.596555 6	7168 7 0	1024 1 0	2.203 0.273 0.251
000007 1756391140765000 0.696481 7	8192 8 0	1024 1 0	1.690 -0.513 0.267
000008 1756391140865374 0.796855 8	9216 9 0	1024 1 0	1.518 -0.172 0.261
000009 1756391140966480 0.897961 9	10240 10 0	1024 1 0	1.570 0.052 0.248
000010 1756391141067265 0.998746 10	11264 11 0	1024 1 0	1.336 -0.234 0.247
000011 1756391141167887 1.099368 11	12288 12 0	1024 1 0	1.740 0.404 0.257
000012 1756391141268551 1.200032 12	13312 13 0	1024 1 0	1.657 -0.083 0.246
000013 1756391141368845 1.300326 13	14336 14 0	1024 1 0	1.449 -0.208 0.244
000014 1756391141469154 1.400635 14	15360 15 0	1024 1 0	1.484 0.035 0.231
000015 1756391141570384 1.501865 15	16384 16 0	1024 1 0	2.307 0.823 0.268
000016 1756391141670132 1.601613 16	17408 17 0	1024 1 0	1.247 -1.060 0.317
000017 1756391141771226 1.702707 17	18432 18 0	1024 1 0	1.688 0.441 0.325
000018 1756391141871478 1.802959 18	19456 19 0	1024 1 0	1.648 -0.040 0.307
000019 1756391141971344 1.902825 19	20480 20 0	1024 1 0	1.296 -0.352 0.310
000020 1756391142071448 2.002929 20	21504 21 0	1024 1 0	1.183 -0.113 0.298
000021 1756391142171926 2.103407 21	22528 22 0	1024 1 0	1.325 0.142 0.288
000022 1756391142272207 2.203688 22	23552 23 0	1024 1 0	1.288 -0.037 0.272
000023 1756391142372629 2.304110 23	24576 24 0	1024 1 0	1.295 0.007 0.256
000024 1756391142473593 2.405074 24	25600 25 0	1024 1 0	1.702 0.407 0.265
000025 1756391142573955 2.505436 25	26624 26 0	1024 1 0	1.295 -0.407 0.274
000026 1756391142674186 2.605667 26	27648 27 0	1024 1 0	1.360 0.065 0.261
000027 1756391142774670 2.706151 27	28672 28 0	1024 1 0	1.398 0.038 0.247
000028 1756391142874976 2.806457 28	29696 29 0	1024 1 0	1.416 0.018 0.233
000029 1756391142976128 2.907609 29	30720 30 0	1024 1 0	1.556 0.140 0.227
000030 1756391143076319 3.007800 30	31744 31 0	1024 1 0	1.253 -0.303 0.232
000031 1756391143177132 3.108613 31	32768 32 0	1024 1 0	1.594 0.341 0.239
000032 1756391143277353 3.208834 32	33792 33 0	1024 1 0	1.352 -0.242 0.239
000033 1756391143377934 3.309415 33	34816 34 0	1024 1 0	1.446 0.094 0.230
000034 1756391143478486 3.409967 34	35840 35 0	1024 1 0	1.458 0.012 0.216
000035 1756391143578740 3.510221 35	36864 36 0	1024 1 0	1.372 -0.086 0.208
000036 1756391143679319 3.610800 36	37888 37 0	1024 1 0	1.572 0.200 0.207
000037 1756391143779436 3.710917 37	38912 38 0	1024 1 0	1.361 -0.211 0.208
000038 1756391143880506 3.811987 38	39936 39 0	1024 1 0	1.476 0.115 0.202
000039 1756391143980934 3.912415 39	40960 40 0	1024 1 0	1.453 -0.023 0.191
000040 1756391144081237 4.012718 40	41984 41 0	1024 1 0	1.270 -0.183 0.190
000041 1756391144182401 4.113882 41	43008 42 0	1024 1 0	1.408 0.138 0.187
000042 1756391144284205 4.215686 42	44032 43 0	1024 1 0	1.518 0.110 0.182
000043 1756391144384526 4.316007 43	45056 44 0	1024 1 0	1.231 -0.287 0.189
000044 1756391144485359 4.416840 44	46080 45 0	1024 1 0	1.455 0.224 0.191
000045 1756391144586532 4.518013 45	47104 46 0	1024 1 0	1.518 0.063 0.183
000046 1756391144686847 4.618328 46	48128 47 0	1024 1 0	1.195 -0.323 0.192
000047 1756391144787902 4.719383 47	49152 48 0	1024 1 0	1.346 0.151 0.189
000048 1756391144889747 4.821228 48	50176 49 0	1024 1 0	1.288 -0.058 0.181
000049 1756391144991729 4.923210 49	51200 50 0	1024 1 0	1.204 -0.084 0.175
000050 1756391145092089 5.023570 50	52224 51 1	1024 1 1	1.199 -0.005 0.164
000051 1756391145192630 5.124111 51	53248 52 2	1024 1 1	1.095 -0.104 0.160
000052 1756391145292833 5.224314 52	54272 53 3	1024 1 1	0.922 -0.173 0.161
000053 1756391145393307 5.324788 53	55296 54 4	1024 1 1	1.109 0.187 0.163
000054 1756391145493512 5.424993 54	56320 55 5	1024 1 1	1.028 -0.081 0.158
000055 1756391145593867 5.525348 55	57344 56 6	1024 1 1	1.109 0.081 0.153
000056 1756391145693999 5.625480 56	58368 57 7	1024 1 1	0.963 -0.146 0.153
000057 1756391145794281 5.725762 57	59392 58 8	1024 1 1	0.998 0.035 0.145
000058 1756391145894605 5.826086 58	60416 59 9	1024 1 1	0.947 -0.051 0.139
000059 1756391145994762 5.926243 59	61440 60 10	1024 1 1	0.962 0.015 0.132
000060 1756391146095667 6.027148 60	62464 61 11	1024 1 1	1.101 0.139 0.132
000061 1756391146195850 6.127331 61	63488 62 12	1024 1 1	0.957 -0.144 0.133
000062 1756391146296394 6.227875 62	64512 63 13	1024 1 1	1.002 0.045 0.127
000063 1756391146396724 6.328205 63	65536 64 14	1024 1 1	0.853 -0.149 0.129
000064 1756391146496891 6.428372 64	66560 65 15	1024 1 1	0.872 0.019 0.122
000065 1756391146597261 6.528742 65	67584 66 16	1024 1 1	0.904 0.032 0.116
000066 1756391146697669 6.629150 66	68608 67 17	1024 1 1	1.045 0.141 0.118
000067 1756391146798485 6.729966 67	69632 68 18	1024 1 1	1.187 0.142 0.119
000068 1756391146900036 6.831517 68	70656 69 19	1024 1 1	1.327 0.140 0.121
000069 1756391147001294 6.932775 69	71680 70 20	1024 1 1	1.230 -0.097 0.119
000070 1756391147102048 7.033529 70	72704 71 21	1024 1 1	1.146 -0.084 0.117
000071 1756391147202651 7.134132 71	73728 72 22	1024 1 1	1.231 0.085 0.115
000072 1756391147303550 7.235031 72	74752 73 23	1024 1 1	1.368 0.137 0.116
000073 1756391147404607 7.336088 73	75776 74 24	1024 1 1	1.615 0.247 0.124
000074 1756391147505379 7.436860 74	76800 75 25	1024 1 1	0.934 -0.681 0.159
000075 1756391147607180 7.538661 75	77824 76 26	1024 1 1	1.248 0.314 0.169
000076 1756391147707893 7.639374 76	78848 77 27	1024 1 1	1.343 0.095 0.164
000077 1756391147808555 7.740036 77	79872 78 28	1024 1 1	1.336 -0.007 0.154
000078 1756391147909621 7.841102 78	80896 79 29	1024 1 1	1.292 -0.044 0.148
000079 1756391148010173 7.941654 79	81920 80 30	1024 1 1	1.196 -0.096 0.144
000080 1756391148110872 8.042353 80	82944 81 31	1024 1 1	1.306 0.110 0.142
000081 1756391148212162 8.143643 81	83968 82 32	1024 1 1	1.300 -0.006 0.134
000082 1756391148312599 8.244080 82	84992 83 33	1024 1 1	1.287 -0.013 0.126
000083 1756391148413207 8.344688 83	86016 84 34	1024 1 1	1.259 -0.028 0.120
000084 1756391148514821 8.446302 84	87040 85 35	1024 1 1	1.358 0.099 0.119
000085 1756391148615695 8.547176 85	88064 86 36	1024 1 1	1.304 -0.054 0.115
000086 1756391148716137 8.647618 86	89088 87 37	1024 1 1	1.271 -0.033 0.110
000087 1756391148817153 8.748634 87	90112 88 38	1024 1 1	1.378 0.107 0.109
000088 1756391148918311 8.849792 88	91136 89 39	1024 1 1	1.431 0.053 0.106
000089 1756391149018926 8.950407 89	92160 90 40	1024 1 1	1.417 -0.014 0.100
000090 1756391149119301 9.050782 90	93184 91 41	1024 1 1	1.197 -0.220 0.108
000091 1756391149220167 9.151648 91	94208 92 42	1024 1 1	1.255 0.058 0.105
000092 1756391149321090 9.252571 92	95232 93 43	1024 1 1	1.376 0.121 0.106
000093 1756391149422970 9.354451 93	96256 94 44	1024 1 1	2.105 0.729 0.145
000094 1756391149523385 9.454866 94	97280 95 45	1024 1 1	1.030 -1.075 0.203
000095 1756391149624266 9.555747 95	98304 96 46	1024 1 1	1.416 0.386 0.214
000096 1756391149725212 9.656693 96	99328 97 47	1024 1 1	1.357 -0.059 0.204
000097 1756391149826166 9.757647 97	100352 98 48	1024 1 1	1.291 -0.066 0.196
000098 1756391149927350 9.858831 98	101376 99 49	1024 1 1	1.347 0.056 0.187
000099 1756391150028498 9.959979 99	102400 100 50	1024 1 1	1.241 -0.106 0.182
000100 1756391150128664 10.060145 100	103424 101 51	1024 1 1	1.224 -0.017 0.172
000101 1756391150229224 10.160705 101	104448 102 52	1024 1 1	1.232 0.008 0.161
000102 1756391150330355 10.261836 102	105472 103 53	1024 1 1	1.173 -0.059 0.155
000103 1756391150432273 10.363754 103	106496 104 54	1024 1 1	1.883 0.710 0.190
000104 1756391150533089 10.464570 104	107520 105 55	1024 1 1	1.388 -0.495 0.209
000105 1756391150633256 10.564737 105	108544 106 56	1024 1 1	1.223 -0.165 0.206
000106 1756391150733755 10.665236 106	109568 107 57	1024 1 1	1.177 -0.046 0.196
000107 1756391150835012 10.766493 107	110592 108 58	1024 1 1	1.156 -0.021 0.185
000108 1756391150936166 10.867647 108	111616 109 59	1024 1 1	1.287 0.131 0.182
000109 1756391151037419 10.968900 109	112640 110 60	1024 1 1	1.273 -0.014 0.171
000110 1756391151139125 11.070606 110	113664 111 61	1024 1 1	1.553 0.280 0.178
000111 1756391151239244 11.170725 111	114688 112 62	1024 1 1	1.276 -0.277 0.184
000112 1756391151341081 11.272562 112	115712 113 63	1024 1 1	1.521 0.245 0.188
000113 1756391151441189 11.372670 113	116736 114 64	1024 1 1	1.187 -0.334 0.197
000114 1756391151541498 11.472979 114	117760 115 65	1024 1 1	1.110 -0.077 0.190
000115 1756391151642612 11.574093 115	118784 116 66	1024 1 1	1.523 0.413 0.204
000116 1756391151743055 11.674536 116	119808 117 67	1024 1 1	1.607 0.084 0.196
000117 1756391151843137 11.774618 117	120832 118 68	1024 1 1	1.206 -0.401 0.209
000118 1756391151944855 11.876336 118	121856 119 69	1024 1 1	1.755 0.549 0.230
000119 1756391152045261 11.976742 119	122880 120 70	1024 1 1	1.500 -0.255 0.232
000120 1756391152146788 12.078269 120	123904 121 71	1024 1 1	1.519 0.019 0.218
000121 1756391152247157 12.178638 121	124928 122 72	1024 1 1	1.478 -0.041 0.207
000122 1756391152347744 12.279225 122	125952 123 73	1024 1 1	1.407 -0.071 0.199
000123 1756391152448734 12.380215 123	126976 124 74	1024 1 1	1.197 -0.210 0.200
000124 1756391152549122 12.480603 124	128000 125 75	1024 1 1	1.211 0.014 0.188
000125 1756391152650356 12.581837 125	129024 126 76	1024 1 1	1.615 0.404 0.201
000126 1756391152750866 12.682347 126	130048 127 77	1024 1 1	1.505 -0.110 0.196
000127 1756391152852637 12.784118 127	131072 128 78	1024 1 1	1.315 -0.190 0.195
000128 1756391152952955 12.884436 128	132096 129 79	1024 1 1	1.345 0.030 0.185
000129 1756391153054248 12.985729 129	133120 130 80	1024 1 1	1.167 -0.178 0.185
000130 1756391153155624 13.087105 130	134144 131 81	1024 1 1	1.501 0.334 0.194
000131 1756391153256380 13.187861 131	135168 132 82	1024 1 1	1.228 -0.273 0.199
000132 1756391153357807 13.289288 132	136192 133 83	1024 1 1	1.512 0.284 0.204
000133 1756391153458277 13.389758 133	137216 134 84	1024 1 1	1.346 -0.166 0.202
000134 1756391153558852 13.490333 134	138240 135 85	1024 1 1	1.438 0.092 0.195
000135 1756391153660222 13.591703 135	139264 136 86	1024 1 1	1.337 -0.101 0.189
000136 1756391153761240 13.692721 136	140288 137 87	1024 1 1	1.677 0.340 0.199
000137 1756391153861670 13.793151 137	141312 138 88	1024 1 1	1.563 -0.114 0.193
000138 1756391153962092 13.893573 138	142336 139 89	1024 1 1	1.200 -0.363 0.204
000139 1756391154063198 13.994679 139	143360 140 90	1024 1 1	1.217 0.017 0.192
000140 1756391154165235 14.096716 140	144384 141 91	1024 1 1	1.636 0.419 0.206
000141 1756391154265887 14.197368 141	145408 142 92	1024 1 1	1.584 -0.052 0.197
000142 1756391154366256 14.297737 142	146432 143 93	1024 1 1	1.477 -0.107 0.191
000143 1756391154466840 14.398321 143	147456 144 94	1024 1 1	1.361 -0.116 0.186
000144 1756391154567330 14.498811 144	148480 145 95	1024 1 1	1.436 0.075 0.179
000145 1756391154667918 14.599399 145	149504 146 96	1024 1 1	1.338 -0.098 0.174
000146 1756391154768369 14.699850 146	150528 147 97	1024 1 1	1.375 0.037 0.166
000147 1756391154868825 14.800306 147	151552 148 98	1024 1 1	1.205 -0.170 0.166
000148 1756391154969261 14.900742 148	152576 149 99	1024 1 1	1.285 0.080 0.161
000149 1756391155069788 15.001269 149	153600 150 100	1024 1 1	1.274 -0.011 0.151
000150 1756391155170239 15.101720 150	154624 151 101	1024 1 1	1.314 0.040 0.144
000151 1756391155271478 15.202959 151	155648 152 102	1024 1 1	1.393 0.079 0.140
000152 1756391155371722 15.303203 152	156672 153 103	1024 1 1	1.312 -0.081 0.137
000153 1756391155472103 15.403584 153	157696 154 104	1024 1 1	1.249 -0.063 0.132
000154 1756391155572973 15.504454 154	158720 155 105	1024 1 1	1.510 0.261 0.140
000155 1756391155673347 15.604828 155	159744 156 106	1024 1 1	1.330 -0.180 0.143
000156 1756391155774353 15.705834 156	160768 157 107	1024 1 1	1.475 0.145 0.143
000157 1756391155874658 15.806139 157	161792 158 108	1024 1 1	1.432 -0.043 0.136
000158 1756391155975132 15.906613 158	162816 159 109	1024 1 1	1.487 0.055 0.131
000159 1756391156075434 16.006915 159	163840 160 110	1024 1 1	1.459 -0.028 0.125
000160 1756391156176079 16.107560 160	164864 161 111	1024 1 1	1.165 -0.294 0.135
000161 1756391156276771 16.208252 161	165888 162 112	1024 1 1	1.617 0.452 0.155
000162 1756391156377047 16.308528 162	166912 163 113	1024 1 1	1.555 -0.062 0.149
000163 1756391156476976 16.408457 163	167936 164 114	1024 1 1	1.270 -0.285 0.158
000164 1756391156577276 16.508757 164	168960 165 115	1024 1 1	1.295 0.025 0.150
000165 1756391156678184 16.609665 165	169984 166 116	1024 1 1	1.527 0.232 0.155
000166 1756391156778440 16.709921 166	171008 167 117	1024 1 1	1.422 -0.105 0.152
000167 1756391156878829 16.810310 167	172032 168 118	1024 1 1	1.469 0.047 0.145
000168 1756391156979492 16.910973 168	173056 169 119	1024 1 1	1.509 0.040 0.139
000169 1756391157080230 17.011711 169	174080 170 120	1024 1 1	1.457 -0.052 0.133
000170 1756391157181001 17.112482 170	175104 171 121	1024 1 1	1.377 -0.080 0.130
000171 1756391157281391 17.212872 171	176128 172 122	1024 1 1	1.420 0.043 0.124
000172 1756391157381844 17.313325 172	177152 173 123	1024 1 1	1.441 0.021 0.118
000173 1756391157482077 17.413558 173	178176 174 124	1024 1 1	1.306 -0.135 0.119
000174 1756391157582497 17.513978 174	179200 175 125	1024 1 1	1.489 0.183 0.123
000175 1756391157683182 17.614663 175	180224 176 126	1024 1 1	1.463 -0.026 0.117
000176 1756391157783472 17.714953 176	181248 177 127	1024 1 1	1.172 -0.291 0.128
000177 1756391157884076 17.815557 177	182272 178 128	1024 1 1	1.422 0.250 0.135
000178 1756391157984442 17.915923 178	183296 179 129	1024 1 1	1.502 0.080 0.132
000179 1756391158084934 18.016415 179	184320 180 130	1024 1 1	1.563 0.061 0.128
000180 1756391158185166 18.116647 180	185344 181 131	1024 1 1	1.468 -0.095 0.126
000181 1756391158286036 18.217517 181	186368 182 132	1024 1 1	1.433 -0.035 0.120
000182 1756391158386162 18.317643 182	187392 183 133	1024 1 1	1.185 -0.248 0.128
000183 1756391158486707 18.418188 183	188416 184 134	1024 1 1	1.248 0.063 0.124
000184 1756391158587216 18.518697 184	189440 185 135	1024 1 1	1.509 0.261 0.132
000185 1756391158687558 18.619039 185	190464 186 136	1024 1 1	1.242 -0.267 0.141
000186 1756391158788006 18.719487 186	191488 187 137	1024 1 1	1.382 0.140 0.141
000187 1756391158888144 18.819625 187	192512 188 138	1024 1 1	1.195 -0.187 0.144
000188 1756391158988576 18.920057 188	193536 189 139	1024 1 1	1.284 0.089 0.140
000189 1756391159088887 19.020368 189	194560 190 140	1024 1 1	1.225 -0.059 0.135
000190 1756391159189240 19.120721 190	195584 191 141	1024 1 1	1.240 0.015 0.128
000191 1756391159289789 19.221270 191	196608 192 142	1024 1 1	1.272 0.032 0.122
000192 1756391159390453 19.321934 192	197632 193 143	1024 1 1	1.151 -0.121 0.122
000193 1756391159491040 19.422521 193	198656 194 144	1024 1 1	1.382 0.231 0.128
000194 1756391159591388 19.522869 194	199680 195 145	1024 1 1	1.435 0.053 0.124
000195 1756391159692094 19.623575 195	200704 196 146	1024 1 1	1.508 0.073 0.121
000196 1756391159792555 19.724036 196	201728 197 147	1024 1 1	1.364 -0.144 0.122
000197 1756391159892850 19.824331 197	202752 198 148	1024 1 1	1.317 -0.047 0.117
000198 1756391159993379 19.924860 198	203776 199 149	1024 1 1	1.382 0.065 0.114
000199 1756391160093687 20.025168 199	204800 200 150	1024 1 1	1.453 0.071 0.111
000200 1756391160194146 20.125627 200	205824 201 151	1024 1 1	1.567 0.114 0.112
000201 1756391160294587 20.226068 201	206848 202 152	1024 1 1	1.576 0.009 0.105
000202 1756391160394635 20.326116 202	207872 203 153	1024 1 1	1.244 -0.332 0.119
000203 1756391160495556 20.427037 203	208896 204 154	1024 1 1	1.286 0.042 0.114
000204 1756391160596189 20.527670 204	209920 205 155	1024 1 1	1.295 0.009 0.108
000205 1756391160696706 20.628187 205	210944 206 156	1024 1 1	1.350 0.055 0.105
000206 1756391160797242 20.728723 206	211968 207 157	1024 1 1	1.491 0.141 0.107
000207 1756391160897347 20.828828 207	212992 208 158	1024 1 1	1.209 -0.282 0.118
000208 1756391160998032 20.929513 208	214016 209 159	1024 1 1	1.420 0.211 0.124
000209 1756391161098177 21.029658 209	215040 210 160	1024 1 1	1.204 -0.216 0.129
000210 1756391161198654 21.130135 210	216064 211 161	1024 1 1	1.373 0.169 0.132
000211 1756391161299359 21.230840 211	217088 212 162	1024 1 1	1.356 -0.017 0.125
000212 1756391161399841 21.331322 212	218112 213 163	1024 1 1	1.303 -0.053 0.120
000213 1756391161500191 21.431672 213	219136 214 164	1024 1 1	1.279 -0.024 0.114
000214 1756391161601345 21.532826 214	220160 215 165	1024 1 1	1.266 -0.013 0.108
000215 1756391161701997 21.633478 215	221184 216 166	1024 1 1	1.424 0.158 0.111
000216 1756391161802358 21.733839 216	222208 217 167	1024 1 1	1.438 0.014 0.105
000217 1756391161902743 21.834224 217	223232 218 168	1024 1 1	1.171 -0.267 0.115
000218 1756391162003157 21.934638 218	224256 219 169	1024 1 1	1.161 -0.010 0.109
000219 1756391162103565 22.035046 219	225280 220 170	1024 1 1	1.276 0.115 0.109
000220 1756391162204001 22.135482 220	226304 221 171	1024 1 1	1.397 0.121 0.110
000221 1756391162304228 22.235709 221	227328 222 172	1024 1 1	1.215 -0.182 0.114
000222 1756391162405171 22.336652 222	228352 223 173	1024 1 1	1.168 -0.047 0.110
000223 1756391162506266 22.437747 223	229376 224 174	1024 1 1	1.224 0.056 0.107
000224 1756391162607535 22.539016 224	230400 225 175	1024 1 1	1.420 0.196 0.112
000225 1756391162708176 22.639657 225	231424 226 176	1024 1 1	1.595 0.175 0.116
000226 1756391162809276 22.740757 226	232448 227 177	1024 1 1	1.589 -0.006 0.109
000227 1756391162909068 22.840549 227	233472 228 178	1024 1 1	1.087 -0.502 0.134
000228 1756391163009413 22.940894 228	234496 229 179	1024 1 1	1.025 -0.062 0.129
000229 1756391163110044 23.041525 229	235520 230 180	1024 1 1	1.310 0.285 0.139
000230 1756391163210472 23.141953 230	236544 231 181	1024 1 1	1.311 0.001 0.130
000231 1756391163310857 23.242338 231	237568 232 182	1024 1 1	1.220 -0.091 0.128
000232 1756391163411232 23.342713 232	238592 233 183	1024 1 1	1.261 0.041 0.123
000233 1756391163512135 23.443616 233	239616 234 184	1024 1 1	1.234 -0.027 0.117
000234 1756391163612907 23.544388 234	240640 235 185	1024 1 1	1.742 0.508 0.141
000235 1756391163713136 23.644617 235	241664 236 186	1024 1 1	1.473 -0.269 0.149
000236 1756391163813386 23.744867 236	242688 237 187	1024 1 1	1.455 -0.018 0.141
000237 1756391163913906 23.845387 237	243712 238 188	1024 1 1	1.591 0.136 0.141
000238 1756391164014339 23.945820 238	244736 239 189	1024 1 1	1.425 -0.166 0.142
000239 1756391164114926 24.046407 239	245760 240 190	1024 1 1	1.565 0.140 0.142
000240 1756391164215434 24.146915 240	246784 241 191	1024 1 1	1.466 -0.099 0.139
000241 1756391164315959 24.247440 241	247808 242 192	1024 1 1	1.420 -0.046 0.133
000242 1756391164416830 24.348311 242	248832 243 193	1024 1 1	1.546 0.126 0.133
000243 1756391164516970 24.448451 243	249856 244 194	1024 1 1	1.269 -0.277 0.142
000244 1756391164617482 24.548963 244	250880 245 195	1024 1 1	1.485 0.216 0.147
000245 1756391164718032 24.649513 245	251904 246 196	1024 1 1	1.426 -0.059 0.141
000246 1756391164818360 24.749841 246	252928 247 197	1024 1 1	1.329 -0.097 0.138
000247 1756391164919108 24.850589 247	253952 248 198	1024 1 1	1.327 -0.002 0.130
000248 1756391165020311 24.951792 248	254976 249 199	1024 1 1	1.446 0.119 0.129
000249 1756391165120618 25.052099 249	256000 250 200	1024 1 1	1.430 -0.016 0.122
000250 1756391165221007 25.152488 250	257024 251 201	1024 1 1	1.438 0.008 0.115
000251 1756391165321546 25.253027 251	258048 252 202	1024 1 1	1.473 0.035 0.110
000252 1756391165421916 25.353397 252	259072 253 203	1024 1 1	1.506 0.033 0.105
000253 1756391165521694 25.453175 253	260096 254 204	1024 1 1	0.971 -0.535 0.132
000254 1756391165622101 25.553582 254	261120 255 205	1024 1 1	1.157 0.186 0.135
000255 1756391165722497 25.653978 255	262144 256 206	1024 1 1	1.327 0.170 0.138
000256 1756391165822929 25.754410 256	263168 257 207	1024 1 1	1.393 0.066 0.133
000257 1756391165923426 25.854907 257	264192 258 208	1024 1 1	1.401 0.008 0.125
000258 1756391166023724 25.955205 258	265216 259 209	1024 1 1	1.280 -0.121 0.125
000259 1756391166124154 26.055635 259	266240 260 210	1024 1 1	1.292 0.012 0.118
000260 1756391166224616 26.156097 260	267264 261 211	1024 1 1	1.202 -0.090 0.116
000261 1756391166325361 26.256842 261	268288 262 212	1024 1 1	1.326 0.124 0.117
000262 1756391166426872 26.358353 262	269312 263 213	1024 1 1	2.374 1.048 0.175
000263 1756391166526129 26.457610 263	270336 264 214	1024 1 1	1.180 -1.194 0.239
000264 1756391166627111 26.558592 264	271360 265 215	1024 1 1	1.350 0.170 0.234
000265 1756391166728074 26.659555 265	272384 266 216	1024 1 1	1.334 -0.016 0.221
000266 1756391166828303 26.759784 266	273408 267 217	1024 1 1	1.271 -0.063 0.211
000267 1756391166929043 26.860524 267	274432 268 218	1024 1 1	1.512 0.241 0.213
000268 1756391167029154 26.960635 268	275456 269 219	1024 1 1	1.182 -0.330 0.220
000269 1756391167129536 27.061017 269	276480 270 220	1024 1 1	1.148 -0.034 0.208
000270 1756391167229912 27.161393 270	277504 271 221	1024 1 1	1.175 0.027 0.197
000271 1756391167330469 27.261950 271	278528 272 222	1024 1 1	1.068 -0.107 0.191
000272 1756391167431930 27.363411 272	279552 273 223	1024 1 1	1.566 0.498 0.211
000273 1756391167531743 27.463224 273	280576 274 224	1024 1 1	1.041 -0.525 0.230
000274 1756391167632083 27.563564 274	281600 275 225	1024 1 1	1.075 0.034 0.218
000275 1756391167732574 27.664055 275	282624 276 226	1024 1 1	1.100 0.025 0.206
000276 1756391167833042 27.764523 276	283648 277 227	1024 1 1	1.137 0.037 0.195
000277 1756391167934124 27.865605 277	284672 278 228	1024 1 1	1.214 0.077 0.188
000278 1756391168034955 27.966436 278	285696 279 229	1024 1 1	1.420 0.206 0.189
000279 1756391168136207 28.067688 279	286720 280 230	1024 1 1	1.326 -0.094 0.183
000280 1756391168236682 28.168163 280	287744 281 231	1024 1 1	1.323 -0.003 0.172
000281 1756391168337083 28.268564 281	288768 282 232	1024 1 1	1.184 -0.139 0.170
000282 1756391168438002 28.369483 282	289792 283 233	1024 1 1	1.363 0.179 0.170
000283 1756391168538492 28.469973 283	290816 284 234	1024 1 1	1.055 -0.308 0.179
000284 1756391168639051 28.570532 284	291840 285 235	1024 1 1	1.179 0.124 0.176
000285 1756391168740242 28.671723 285	292864 286 236	1024 1 1	1.291 0.112 0.172
000286 1756391168841099 28.772580 286	293888 287 237	1024 1 1	1.452 0.161 0.171
000287 1756391168941878 28.873359 287	294912 288 238	1024 1 1	1.474 0.022 0.162
000288 1756391169042063 28.973544 288	295936 289 239	1024 1 1	1.372 -0.102 0.158
000289 1756391169142755 29.074236 289	296960 290 240	1024 1 1	1.538 0.166 0.158
000290 1756391169243304 29.174785 290	297984 291 241	1024 1 1	1.365 -0.173 0.159
000291 1756391169343566 29.275047 291	299008 292 242	1024 1 1	1.258 -0.107 0.156
000292 1756391169444439 29.375920 292	300032 293 243	1024 1 1	1.696 0.438 0.174
000293 1756391169544362 29.475843 293	301056 294 244	1024 1 1	1.178 -0.518 0.195
000294 1756391169645588 29.577069 294	302080 295 245	1024 1 1	1.301 0.123 0.191
000295 1756391169746217 29.677698 295	303104 296 246	1024 1 1	1.551 0.250 0.194
000296 1756391169846214 29.777695 296	304128 297 247	1024 1 1	1.183 -0.368 0.205
000297 1756391169947068 29.878549 297	305152 298 248	1024 1 1	1.121 -0.062 0.196
000298 1756391170048130 29.979611 298	306176 299 249	1024 1 1	1.508 0.387 0.208
000299 1756391170148732 30.080213 299	307200 300 250	1024 1 1	1.616 0.108 0.202
000300 1756391170249044 30.180525 300	308224 301 251	1024 1 1	1.139 -0.477 0.219
000301 1756391170349282 30.280763 301	309248 302 252	1024 1 1	1.160 0.021 0.207
000302 1756391170450067 30.381548 302	310272 303 253	1024 1 1	1.584 0.424 0.220
000303 1756391170550068 30.481549 303	311296 304 254	1024 1 1	1.100 -0.484 0.237
000304 1756391170651027 30.582508 304	312320 305 255	1024 1 1	1.382 0.282 0.240
000305 1756391170751274 30.682755 305	313344 306 256	1024 1 1	1.307 -0.075 0.229
000306 1756391170852184 30.783665 306	314368 307 257	1024 1 1	1.239 -0.068 0.219
000307 1756391170952353 30.883834 307	315392 308 258	1024 1 1	1.161 -0.078 0.210
000308 1756391171053078 30.984559 308	316416 309 259	1024 1 1	1.201 0.040 0.200
000309 1756391171153712 31.085193 309	317440 310 260	1024 1 1	1.381 0.180 0.199
000310 1756391171254021 31.185502 310	318464 311 261	1024 1 1	1.360 -0.021 0.187
000311 1756391171354260 31.285741 311	319488 312 262	1024 1 1	1.094 -0.266 0.192
000312 1756391171454686 31.386167 312	320512 313 263	1024 1 1	1.133 0.039 0.183
000313 1756391171555148 31.486629 313	321536 314 264	1024 1 1	1.196 0.063 0.175
000314 1756391171655406 31.586887 314	322560 315 265	1024 1 1	1.013 -0.183 0.176
000315 1756391171755624 31.687105 315	323584 316 266	1024 1 1	0.958 -0.055 0.168
000316 1756391171856245 31.787726 316	324608 317 267	1024 1 1	1.057 0.099 0.164
000317 1756391171956571 31.888052 317	325632 318 268	1024 1 1	1.050 -0.007 0.154
000318 1756391172057165 31.988646 318	326656 319 269	1024 1 1	1.178 0.128 0.152
000319 1756391172158304 32.089785 319	327680 320 270	1024 1 1	1.249 0.071 0.147
000320 1756391172258806 32.190287 320	328704 321 271	1024 1 1	1.104 -0.145 0.147
000321 1756391172359289 32.290770 321	329728 322 272	1024 1 1	1.294 0.190 0.150
000322 1756391172459556 32.391037 322	330752 323 273	1024 1 1	1.163 -0.131 0.149
000323 1756391172560323 32.491804 323	331776 324 274	1024 1 1	1.275 0.112 0.146
000324 1756391172660733 32.592214 324	332800 325 275	1024 1 1	1.252 -0.023 0.139
000325 1756391172761379 32.692860 325	333824 326 276	1024 1 1	1.209 -0.043 0.133
000326 1756391172861683 32.793164 326	334848 327 277	1024 1 1	1.331 0.122 0.132
000327 1756391172962068 32.893549 327	335872 328 278	1024 1 1	1.350 0.019 0.125
000328 1756391173063344 32.994825 328	336896 329 279	1024 1 1	1.195 -0.155 0.127
000329 1756391173163922 33.095403 329	337920 330 280	1024 1 1	1.206 0.011 0.120
000330 1756391173264086 33.195567 330	338944 331 281	1024 1 1	1.174 -0.032 0.114
000331 1756391173364791 33.296272 331	339968 332 282	1024 1 1	1.239 0.065 0.111
000332 1756391173465300 33.396781 332	340992 333 283	1024 1 1	1.080 -0.159 0.114
000333 1756391173566117 33.497598 333	342016 334 284	1024 1 1	1.256 0.176 0.118
000334 1756391173666299 33.597780 334	343040 335 285	1024 1 1	1.058 -0.198 0.123
000335 1756391173767224 33.698705 335	344064 336 286	1024 1 1	1.348 0.290 0.133
000336 1756391173868346 33.799827 336	345088 337 287	1024 1 1	1.337 -0.011 0.126
000337 1756391173968774 33.900255 337	346112 338 288	1024 1 1	1.315 -0.022 0.119
000338 1756391174069330 34.000811 338	347136 339 289	1024 1 1	1.318 0.003 0.112
000339 1756391174169671 34.101152 339	348160 340 290	1024 1 1	1.074 -0.244 0.120
000340 1756391174270288 34.201769 340	349184 341 291	1024 1 1	1.083 0.009 0.113
000341 1756391174370690 34.302171 341	350208 342 292	1024 1 1	1.023 -0.060 0.110
000342 1756391174471688 34.403169 342	351232 343 293	1024 1 1	1.159 0.136 0.112
000343 1756391174572070 34.503551 343	352256 344 294	1024 1 1	1.202 0.043 0.107
000344 1756391174672076 34.603557 344	353280 345 295	1024 1 1	1.033 -0.169 0.111
000345 1756391174773069 34.704550 345	354304 346 296	1024 1 1	1.326 0.293 0.123
000346 1756391174873752 34.805233 346	355328 347 297	1024 1 1	1.044 -0.282 0.132
000347 1756391174974173 34.905654 347	356352 348 298	1024 1 1	1.151 0.107 0.131
000348 1756391175075794 35.007275 348	357376 349 299	1024 1 1	1.204 0.053 0.126
000349 1756391175176960 35.108441 349	358400 350 300	1024 1 1	1.325 0.121 0.126
000350 1756391175277432 35.208913 350	359424 351 301	1024 1 1	0.944 -0.381 0.142
000351 1756391175378181 35.309662 351	360448 352 302	1024 1 1	1.009 0.065 0.137
000352 1756391175478707 35.410188 352	361472 353 303	1024 1 1	1.005 -0.004 0.129
000353 1756391175579956 35.511437 353	362496 354 304	1024 1 1	1.063 0.058 0.124
000354 1756391175681004 35.612485 354	363520 355 305	1024 1 1	1.058 -0.005 0.117
000355 1756391175782419 35.713900 355	364544 356 306	1024 1 1	0.989 -0.069 0.114
000356 1756391175883035 35.814516 356	365568 357 307	1024 1 1	0.868 -0.121 0.114
000357 1756391175983679 35.915160 357	366592 358 308	1024 1 1	0.884 0.016 0.108
000358 1756391176084129 36.015610 358	367616 359 309	1024 1 1	0.965 0.081 0.106
000359 1756391176184646 36.116127 359	368640 360 310	1024 1 1	1.062 0.097 0.106
000360 1756391176284733 36.216214 360	369664 361 311	1024 1 1	0.987 -0.075 0.104
000361 1756391176386272 36.317753 361	370688 362 312	1024 1 1	1.127 0.140 0.106
000362 1756391176487051 36.418532 362	371712 363 313	1024 1 1	1.102 -0.025 0.101
000363 1756391176587648 36.519129 363	372736 364 314	1024 1 1	1.261 0.159 0.105
000364 1756391176688296 36.619777 364	373760 365 315	1024 1 1	1.021 -0.240 0.113
000365 1756391176788613 36.720094 365	374784 366 316	1024 1 1	1.137 0.116 0.113
000366 1756391176889060 36.820541 366	375808 367 317	1024 1 1	1.284 0.147 0.115
000367 1756391176990147 36.921628 367	376832 368 318	1024 1 1	1.406 0.122 0.116
000368 1756391177092021 37.023502 368	377856 369 319	1024 1 1	1.433 0.027 0.110
000369 1756391177194148 37.125629 369	378880 370 320	1024 1 1	1.522 0.089 0.109
000370 1756391177295014 37.226495 370	379904 371 321	1024 1 1	1.488 -0.034 0.104
000371 1756391177396262 37.327743 371	380928 372 322	1024 1 1	1.358 -0.130 0.106
000372 1756391177497100 37.428581 372	381952 373 323	1024 1 1	1.364 0.006 0.100
000373 1756391177599608 37.531089 373	382976 374 324	1024 1 1	1.424 0.060 0.097
000374 1756391177699975 37.631456 374	384000 375 325	1024 1 1	1.277 -0.147 0.100
000375 1756391177801687 37.733168 375	385024 376 326	1024 1 1	1.461 0.184 0.105
000376 1756391177902048 37.833529 376	386048 377 327	1024 1 1	1.432 -0.029 0.101
000377 1756391178002167 37.933648 377	387072 378 328	1024 1 1	1.311 -0.121 0.102
000378 1756391178102895 38.034376 378	388096 379 329	1024 1 1	1.418 0.107 0.102
000379 1756391178203227 38.134708 379	389120 380 330	1024 1 1	1.334 -0.084 0.101
000380 1756391178303958 38.235439 380	390144 381 331	1024 1 1	1.577 0.243 0.110
000381 1756391178404403 38.335884 381	391168 382 332	1024 1 1	1.514 -0.063 0.107
000382 1756391178504993 38.436474 382	392192 383 333	1024 1 1	1.592 0.078 0.105
000383 1756391178605129 38.536610 383	393216 384 334	1024 1 1	1.243 -0.349 0.120
000384 1756391178705128 38.636609 384	394240 385 335	1024 1 1	1.075 -0.168 0.123
000385 1756391178805723 38.737204 385	395264 386 336	1024 1 1	1.250 0.175 0.127
000386 1756391178906175 38.837656 386	396288 387 337	1024 1 1	1.317 0.067 0.123
000387 1756391179006925 38.938406 387	397312 388 338	1024 1 1	1.285 -0.032 0.117
000388 1756391179107819 39.039300 388	398336 389 339	1024 1 1	1.173 -0.112 0.117
000389 1756391179208272 39.139753 389	399360 390 340	1024 1 1	1.325 0.152 0.119
000390 1756391179309049 39.240530 390	400384 391 341	1024 1 1	1.311 -0.014 0.113
000391 1756391179410818 39.342299 391	401408 392 342	1024 1 1	1.280 -0.031 0.107
000392 1756391179511136 39.442617 392	402432 393 343	1024 1 1	1.310 0.030 0.103
000393 1756391179611702 39.543183 393	403456 394 344	1024 1 1	1.293 -0.017 0.097
000394 1756391179713443 39.644924 394	404480 395 345	1024 1 1	1.312 0.019 0.092
000395 1756391179813651 39.745132 395	405504 396 346	1024 1 1	1.237 -0.075 0.091
000396 1756391179914107 39.845588 396	406528 397 347	1024 1 1	1.279 0.042 0.088
000397 1756391180014183 39.945664 397	407552 398 348	1024 1 1	1.109 -0.170 0.093
000398 1756391180115024 40.046505 398	408576 399 349	1024 1 1	1.346 0.237 0.102
000399 1756391180215313 40.146794 399	409600 400 350	1024 1 1	1.176 -0.170 0.107
000400 1756391180317478 40.248959 400	410624 401 351	1024 1 1	1.353 0.177 0.111
000401 1756391180417975 40.349456 401	411648 402 352	1024 1 1	1.455 0.102 0.110
000402 1756391180518848 40.450329 402	412672 403 353	1024 1 1	1.482 0.027 0.105
000403 1756391180619298 40.550779 403	413696 404 354	1024 1 1	1.259 -0.223 0.113
000404 1756391180719703 40.651184 404	414720 405 355	1024 1 1	1.294 0.035 0.108
000405 1756391180820269 40.751750 405	415744 406 356	1024 1 1	1.335 0.041 0.104
000406 1756391180921992 40.853473 406	416768 407 357	1024 1 1	2.838 1.503 0.191
000407 1756391181021464 40.952945 407	417792 408 358	1024 1 1	1.328 -1.510 0.273
000408 1756391181122527 41.054008 408	418816 409 359	1024 1 1	1.266 -0.062 0.260
000409 1756391181223953 41.155434 409	419840 410 360	1024 1 1	1.487 0.221 0.258
000410 1756391181325547 41.257028 410	420864 411 361	1024 1 1	1.343 -0.144 0.251
000411 1756391181426953 41.358434 411	421888 412 362	1024 1 1	2.378 1.035 0.300
000412 1756391181526284 41.457765 412	422912 413 363	1024 1 1	1.323 -1.055 0.347
000413 1756391181626319 41.557800 413	423936 414 364	1024 1 1	1.161 -0.162 0.335
000414 1756391181727406 41.658887 414	424960 415 365	1024 1 1	1.300 0.139 0.323
000415 1756391181828361 41.759842 415	425984 416 366	1024 1 1	1.273 -0.027 0.305
000416 1756391181930879 41.862360 416	427008 417 367	1024 1 1	3.200 1.927 0.406
000417 1756391182030412 41.961893 417	428032 418 368	1024 1 1	1.293 -1.907 0.500
000418 1756391182131980 42.063461 418	429056 419 369	1024 1 1	1.549 0.256 0.485
000419 1756391182232115 42.163596 419	430080 420 370	1024 1 1	1.333 -0.216 0.468
000420 1756391182333072 42.264553 420	431104 421 371	1024 1 1	1.197 -0.136 0.447
000421 1756391182433697 42.365178 421	432128 422 372	1024 1 1	1.403 0.206 0.432
000422 1756391182534124 42.465605 422	433152 423 373	1024 1 1	1.224 -0.179 0.416
000423 1756391182635072 42.566553 423	434176 424 374	1024 1 1	1.146 -0.078 0.395
000424 1756391182735531 42.667012 424	435200 425 375	1024 1 1	1.277 0.131 0.379
000425 1756391182836139 42.767620 425	436224 426 376	1024 1 1	1.311 0.034 0.357
000426 1756391182937490 42.868971 426	437248 427 377	1024 1 1	1.408 0.097 0.341
000427 1756391183039059 42.970540 427	438272 428 378	1024 1 1	1.362 -0.046 0.322
000428 1756391183140635 43.072116 428	439296 429 379	1024 1 1	1.305 -0.057 0.306
000429 1756391183241297 43.172778 429	440320 430 380	1024 1 1	1.425 0.120 0.294
000430 1756391183342146 43.273627 430	441344 431 381	1024 1 1	1.225 -0.200 0.288
000431 1756391183443537 43.375018 431	442368 432 382	1024 1 1	1.511 0.286 0.288
000432 1756391183544970 43.476451 432	443392 433 383	1024 1 1	1.474 -0.037 0.272
000433 1756391183646824 43.578305 433	444416 434 384	1024 1 1	1.453 -0.021 0.257
000434 1756391183747939 43.679420 434	445440 435 385	1024 1 1	1.444 -0.009 0.241
000435 1756391183848172 43.779653 435	446464 436 386	1024 1 1	1.236 -0.208 0.239
000436 1756391183948715 43.880196 436	447488 437 387	1024 1 1	1.214 -0.022 0.226
000437 1756391184049198 43.980679 437	448512 438 388	1024 1 1	1.092 -0.122 0.219
000438 1756391184149778 44.081259 438	449536 439 389	1024 1 1	1.343 0.251 0.221
000439 1756391184250344 44.181825 439	450560 440 390	1024 1 1	1.131 -0.212 0.221
000440 1756391184351642 44.283123 440	451584 441 391	1024 1 1	1.145 0.014 0.208
000441 1756391184452521 44.384002 441	452608 442 392	1024 1 1	1.161 0.016 0.196
000442 1756391184553827 44.485308 442	453632 443 393	1024 1 1	1.261 0.100 0.190
000443 1756391184655270 44.586751 443	454656 444 394	1024 1 1	1.311 0.050 0.181
000444 1756391184756332 44.687813 444	455680 445 395	1024 1 1	1.499 0.188 0.181
000445 1756391184858199 44.789680 445	456704 446 396	1024 1 1	1.341 -0.158 0.180
000446 1756391184959169 44.890650 446	457728 447 397	1024 1 1	1.107 -0.234 0.183
000447 1756391185060226 44.991707 447	458752 448 398	1024 1 1	1.244 0.137 0.180
000448 1756391185161128 45.092609 448	459776 449 399	1024 1 1	1.148 -0.096 0.175
000449 1756391185261729 45.193210 449	460800 450 400	1024 1 1	1.399 0.251 0.180
000450 1756391185361792 45.293273 450	461824 451 401	1024 1 1	1.267 -0.132 0.177
000451 1756391185462206 45.393687 451	462848 452 402	1024 1 1	1.288 0.021 0.167
000452 1756391185563856 45.495337 452	463872 453 403	1024 1 1	1.391 0.103 0.163
000453 1756391185666068 45.597549 453	464896 454 404	1024 1 1	1.365 -0.026 0.155
000454 1756391185766465 45.697946 454	465920 455 405	1024 1 1	1.246 -0.119 0.152
000455 1756391185867281 45.798762 455	466944 456 406	1024 1 1	1.336 0.090 0.148
000456 1756391185967575 45.899056 456	467968 457 407	1024 1 1	1.232 -0.104 0.146
000457 1756391186068292 45.999773 457	468992 458 408	1024 1 1	1.433 0.201 0.149
000458 1756391186169585 46.101066 458	470016 459 409	1024 1 1	1.204 -0.229 0.154
000459 1756391186270305 46.201786 459	471040 460 410	1024 1 1	1.410 0.206 0.157
000460 1756391186372665 46.304146 460	472064 461 411	1024 1 1	1.456 0.046 0.150
000461 1756391186473112 46.404593 461	473088 462 412	1024 1 1	1.233 -0.223 0.155
000462 1756391186574001 46.505482 462	474112 463 413	1024 1 1	1.451 0.218 0.159
000463 1756391186674188 46.605669 463	475136 464 414	1024 1 1	1.213 -0.238 0.164
000464 1756391186774727 46.706208 464	476160 465 415	1024 1 1	1.279 0.066 0.158
000465 1756391186875150 46.806631 465	477184 466 416	1024 1 1	1.176 -0.103 0.154
000466 1756391186976013 46.907494 466	478208 467 417	1024 1 1	1.107 -0.069 0.149
000467 1756391187076817 47.008298 467	479232 468 418	1024 1 1	1.343 0.236 0.154
000468 1756391187177270 47.108751 468	480256 469 419	1024 1 1	1.354 0.011 0.145
000469 1756391187277451 47.208932 469	481280 470 420	1024 1 1	1.161 -0.193 0.148
000470 1756391187379280 47.310761 470	482304 471 421	1024 1 1	1.361 0.200 0.152
000471 1756391187479621 47.411102 471	483328 472 422	1024 1 1	1.245 -0.116 0.149
000472 1756391187580228 47.511709 472	484352 473 423	1024 1 1	1.307 0.062 0.144
000473 1756391187680463 47.611944 473	485376 474 424	1024 1 1	1.281 -0.026 0.137
000474 1756391187780963 47.712444 474	486400 475 425	1024 1 1	1.497 0.216 0.142
000475 1756391187882461 47.813942 475	487424 476 426	1024 1 1	1.530 0.033 0.135
000476 1756391187982994 47.914475 476	488448 477 427	1024 1 1	1.374 -0.156 0.136
000477 1756391188083296 48.014777 477	489472 478 428	1024 1 1	1.242 -0.132 0.136
000478 1756391188184517 48.115998 478	490496 479 429	1024 1 1	1.084 -0.158 0.137
000479 1756391188285472 48.216953 479	491520 480 430	1024 1 1	1.158 0.074 0.133
000480 1756391188386529 48.318010 480	492544 481 431	1024 1 1	1.094 -0.064 0.129
000481 1756391188486941 48.418422 481	493568 482 432	1024 1 1	1.163 0.069 0.125
000482 1756391188587451 48.518932 482	494592 483 433	1024 1 1	1.221 0.058 0.121
000483 1756391188687630 48.619111 483	495616 484 434	1024 1 1	1.120 -0.101 0.120
000484 1756391188788194 48.719675 484	496640 485 435	1024 1 1	1.306 0.186 0.124
000485 1756391188888258 48.819739 485	497664 486 436	1024 1 1	1.139 -0.167 0.127
000486 1756391188989797 48.921278 486	498688 487 437	1024 1 1	1.198 0.059 0.122
000487 1756391189090167 49.021648 487	499712 488 438	1024 1 1	1.135 -0.063 0.119
000488 1756391189192151 49.123632 488	500736 489 439	1024 1 1	1.134 -0.001 0.111
000489 1756391189292519 49.224000 489	501760 490 440	1024 1 1	1.238 0.104 0.111
000490 1756391189393809 49.325290 490	502784 491 441	1024 1 1	1.330 0.092 0.110
000491 1756391189494138 49.425619 491	503808 492 442	1024 1 1	1.144 -0.186 0.114
000492 1756391189594924 49.526405 492	504832 493 443	1024 1 1	1.480 0.336 0.128
000493 1756391189695274 49.626755 493	505856 494 444	1024 1 1	1.207 -0.273 0.137
000494 1756391189795824 49.727305 494	506880 495 445	1024 1 1	1.349 0.142 0.138
000495 1756391189896102 49.827583 495	507904 496 446	1024 1 1	1.381 0.032 0.131
000496 1756391189996590 49.928071 496	508928 497 447	1024 1 1	1.410 0.029 0.125
000497 1756391190097073 50.028554 497	509952 498 448	1024 1 1	1.420 0.010 0.117
000498 1756391190197537 50.129018 498	510976 499 449	1024 1 1	1.272 -0.148 0.119
000499 1756391190298062 50.229543 499	512000 500 450	1024 1 1	1.355 0.083 0.117
000500 1756391190399040 50.330521 500	513024 501 451	1024 1 1	1.401 0.046 0.113
000501 1756391190499065 50.430546 501	514048 502 452	1024 1 1	1.126 -0.275 0.123
000502 1756391190601479 50.532960 502	515072 503 453	1024 1 1	1.404 0.278 0.133
000503 1756391190701896 50.633377 503	516096 504 454	1024 1 1	1.286 -0.118 0.132
000504 1756391190803344 50.734825 504	517120 505 455	1024 1 1	1.373 0.087 0.129
000505 1756391190903994 50.835475 505	518144 506 456	1024 1 1	1.468 0.095 0.127
000506 1756391191004579 50.936060 506	519168 507 457	1024 1 1	1.381 -0.087 0.124
000507 1756391191105306 51.036787 507	520192 508 458	1024 1 1	1.302 -0.079 0.121
000508 1756391191206610 51.138091 508	521216 509 459	1024 1 1	1.713 0.411 0.139
000509 1756391191306795 51.238276 509	522240 510 460	1024 1 1	1.354 -0.359 0.153
000510 1756391191407696 51.339177 510	523264 511 461	1024 1 1	1.387 0.033 0.146
000511 1756391191509687 51.441168 511	524288 512 462	1024 1 1	2.013 0.626 0.176
000512 1756391191610920 51.542401 512	525312 513 463	1024 1 1	1.479 -0.534 0.198
000513 1756391191711114 51.642595 513	526336 514 464	1024 1 1	1.213 -0.266 0.202
000514 1756391191811602 51.743083 514	527360 515 465	1024 1 1	1.224 0.011 0.190
000515 1756391191912205 51.843686 515	528384 516 466	1024 1 1	1.252 0.028 0.180
000516 1756391192012962 51.944443 516	529408 517 467	1024 1 1	1.378 0.126 0.177
000517 1756391192113432 52.044913 517	530432 518 468	1024 1 1	1.432 0.054 0.169
000518 1756391192214029 52.145510 518	531456 519 469	1024 1 1	1.471 0.039 0.161
000519 1756391192315057 52.246538 519	532480 520 470	1024 1 1	1.385 -0.086 0.156
000520 1756391192416234 52.347715 520	533504 521 471	1024 1 1	1.168 -0.217 0.160
000521 1756391192517074 52.448555 521	534528 522 472	1024 1 1	1.152 -0.016 0.151
000522 1756391192617348 52.548829 522	535552 523 473	1024 1 1	1.167 0.015 0.143
000523 1756391192717521 52.649002 523	536576 524 474	1024 1 1	1.106 -0.061 0.138
000524 1756391192818981 52.750462 524	537600 525 475	1024 1 1	1.408 0.302 0.148
000525 1756391192919671 52.851152 525	538624 526 476	1024 1 1	1.357 -0.051 0.142
000526 1756391193020340 52.951821 526	539648 527 477	1024 1 1	1.403 0.046 0.136
000527 1756391193121138 53.052619 527	540672 528 478	1024 1 1	1.435 0.032 0.129
000528 1756391193222427 53.153908 528	541696 529 479	1024 1 1	1.496 0.061 0.125
000529 1756391193323251 53.254732 529	542720 530 480	1024 1 1	1.526 0.030 0.119
000530 1756391193425001 53.356482 530	543744 531 481	1024 1 1	1.612 0.086 0.117
000531 1756391193525495 53.456976 531	544768 532 482	1024 1 1	1.107 -0.505 0.141
000532 1756391193626081 53.557562 532	545792 533 483	1024 1 1	1.184 0.077 0.137
000533 1756391193726961 53.658442 533	546816 534 484	1024 1 1	1.381 0.197 0.141
000534 1756391193827758 53.759239 534	547840 535 485	1024 1 1	1.430 0.049 0.135
000535 1756391193929017 53.860498 535	548864 536 486	1024 1 1	2.297 0.867 0.181
000536 1756391194030322 53.961803 536	549888 537 487	1024 1 1	1.330 -0.967 0.230
000537 1756391194130989 54.062470 537	550912 538 488	1024 1 1	1.318 -0.012 0.216
000538 1756391194231568 54.163049 538	551936 539 489	1024 1 1	1.409 0.091 0.209
000539 1756391194332760 54.264241 539	552960 540 490	1024 1 1	1.561 0.152 0.205
000540 1756391194434977 54.366458 540	553984 541 491	1024 1 1	2.321 0.760 0.240
000541 1756391194535178 54.466659 541	555008 542 492	1024 1 1	1.472 -0.849 0.278
000542 1756391194636075 54.567556 542	556032 543 493	1024 1 1	1.606 0.134 0.269
000543 1756391194736249 54.667730 543	557056 544 494	1024 1 1	1.406 -0.200 0.265
000544 1756391194837300 54.768781 544	558080 545 495	1024 1 1	1.449 0.043 0.251
000545 1756391194938012 54.869493 545	559104 546 496	1024 1 1	1.205 -0.244 0.250
000546 1756391195039609 54.971090 546	560128 547 497	1024 1 1	1.403 0.198 0.247
000547 1756391195141398 55.072879 547	561152 548 498	1024 1 1	1.413 0.010 0.232
000548 1756391195241643 55.173124 548	562176 549 499	1024 1 1	1.319 -0.094 0.224
000549 1756391195341941 55.273422 549	563200 550 500	1024 1 1	1.267 -0.052 0.213
000550 1756391195442714 55.374195 550	564224 551 501	1024 1 1	1.425 0.158 0.209
000551 1756391195543405 55.474886 551	565248 552 502	1024 1 1	1.290 -0.135 0.205
000552 1756391195643999 55.575480 552	566272 553 503	1024 1 1	1.436 0.146 0.201
000553 1756391195744281 55.675762 553	567296 554 504	1024 1 1	1.355 -0.081 0.194
000554 1756391195845066 55.776547 554	568320 555 505	1024 1 1	1.576 0.221 0.195
000555 1756391195944851 55.876332 555	569344 556 506	1024 1 1	1.189 -0.387 0.207
000556 1756391196045248 55.976729 556	570368 557 507	1024 1 1	1.380 0.191 0.206
000557 1756391196145571 56.077052 557	571392 558 508	1024 1 1	1.444 0.064 0.197
000558 1756391196245759 56.177240 558	572416 559 509	1024 1 1	1.257 -0.187 0.197
000559 1756391196346069 56.277550 559	573440 560 510	1024 1 1	1.162 -0.095 0.190
000560 1756391196446710 56.378191 560	574464 561 511	1024 1 1	1.213 0.051 0.182
000561 1756391196547828 56.479309 561	575488 562 512	1024 1 1	1.284 0.071 0.175
000562 1756391196649043 56.580524 562	576512 563 513	1024 1 1	1.101 -0.183 0.175
000563 1756391196749587 56.681068 563	577536 564 514	1024 1 1	0.984 -0.117 0.172
000564 1756391196852072 56.783553 564	578560 565 515	1024 1 1	1.210 0.226 0.175
000565 1756391196953627 56.885108 565	579584 566 516	1024 1 1	1.227 0.017 0.165
000566 1756391197054297 56.985778 566	580608 567 517	1024 1 1	1.292 0.065 0.159
000567 1756391197155511 57.086992 567	581632 568 518	1024 1 1	1.401 0.109 0.156
000568 1756391197255686 57.187167 568	582656 569 519	1024 1 1	1.214 -0.187 0.158
000569 1756391197356540 57.288021 569	583680 570 520	1024 1 1	1.317 0.103 0.154
000570 1756391197456986 57.388467 570	584704 571 521	1024 1 1	1.392 0.075 0.149
000571 1756391197558066 57.489547 571	585728 572 522	1024 1 1	1.492 0.100 0.146
000572 1756391197659538 57.591019 572	586752 573 523	1024 1 1	1.246 -0.246 0.152
000573 1756391197760131 57.691612 573	587776 574 524	1024 1 1	1.477 0.231 0.157
000574 1756391197861672 57.793153 574	588800 575 525	1024 1 1	1.335 -0.142 0.156
000575 1756391197963509 57.894990 575	589824 576 526	1024 1 1	1.370 0.035 0.149
000576 1756391198064124 57.995605 576	590848 577 527	1024 1 1	1.490 0.120 0.147
000577 1756391198164120 58.095601 577	591872 578 528	1024 1 1	1.218 -0.272 0.155
000578 1756391198264760 58.196241 578	592896 579 529	1024 1 1	1.224 0.006 0.146
000579 1756391198365660 58.297141 579	593920 580 530	1024 1 1	1.280 0.056 0.140
000580 1756391198466429 58.397910 580	594944 581 531	1024 1 1	1.402 0.122 0.139
000581 1756391198566980 58.498461 581	595968 582 532	1024 1 1	1.476 0.074 0.135
000582 1756391198667845 58.599326 582	596992 583 533	1024 1 1	1.342 -0.134 0.135
000583 1756391198768427 58.699908 583	598016 584 534	1024 1 1	1.682 0.340 0.148
000584 1756391198870206 58.801687 584	599040 585 535	1024 1 1	1.499 -0.183 0.150
000585 1756391198972164 58.903645 585	600064 586 536	1024 1 1	1.307 -0.192 0.152
000586 1756391199073203 59.004684 586	601088 587 537	1024 1 1	1.324 0.017 0.144
000587 1756391199173942 59.105423 587	602112 588 538	1024 1 1	1.448 0.124 0.143
000588 1756391199274921 59.206402 588	603136 589 539	1024 1 1	1.635 0.187 0.145
000589 1756391199375721 59.307202 589	604160 590 540	1024 1 1	1.535 -0.100 0.143
000590 1756391199476235 59.407716 590	605184 591 541	1024 1 1	1.241 -0.294 0.152
000591 1756391199578252 59.509733 591	606208 592 542	1024 1 1	1.587 0.346 0.164
000592 1756391199678608 59.610089 592	607232 593 543	1024 1 1	1.332 -0.255 0.170
000593 1756391199779062 59.710543 593	608256 594 544	1024 1 1	1.346 0.014 0.160
000594 1756391199880190 59.811671 594	609280 595 545	1024 1 1	1.367 0.021 0.151
000595 1756391199981140 59.912621 595	610304 596 546	1024 1 1	1.334 -0.033 0.144
